# data last user frame sfdCycle
00 0 0 1 19
0A 0 0 1 19
35 0 0 1 19
01 0 0 1 19
02 0 0 1 19
03 0 0 1 19
DE 0 0 1 19
AD 0 0 1 19
BE 0 0 1 19
EF 0 0 1 19
00 0 0 1 19
01 0 0 1 19
08 0 0 1 19
00 0 0 1 19
01 0 0 1 19
00 0 0 1 19
00 0 0 1 19
00 0 0 1 19
00 0 0 1 19
00 0 0 1 19
00 0 0 1 19
00 0 0 1 19
00 0 0 1 19
00 0 0 1 19
00 0 0 1 19
00 0 0 1 19
00 0 0 1 19
00 0 0 1 19
00 0 0 1 19
00 0 0 1 19
00 0 0 1 19
00 0 0 1 19
00 0 0 1 19
00 0 0 1 19
00 0 0 1 19
00 0 0 1 19
00 0 0 1 19
00 0 0 1 19
00 0 0 1 19
00 0 0 1 19
00 0 0 1 19
00 0 0 1 19
00 0 0 1 19
00 0 0 1 19
00 0 0 1 19
00 0 0 1 19
00 0 0 1 19
00 0 0 1 19
00 0 0 1 19
00 0 0 1 19
00 0 0 1 19
00 0 0 1 19
00 0 0 1 19
00 0 0 1 19
00 0 0 1 19
00 0 0 1 19
00 0 0 1 19
00 0 0 1 19
00 0 0 1 19
00 1 1 1 19
00 0 0 3 187
0A 0 0 3 187
35 0 0 3 187
01 0 0 3 187
02 0 0 3 187
03 0 0 3 187
DE 0 0 3 187
AD 0 0 3 187
BE 0 0 3 187
EF 0 0 3 187
00 0 0 3 187
01 0 0 3 187
08 0 0 3 187
00 0 0 3 187
03 0 0 3 187
04 0 0 3 187
05 0 0 3 187
06 0 0 3 187
07 0 0 3 187
08 0 0 3 187
09 0 0 3 187
0A 0 0 3 187
0B 0 0 3 187
0C 0 0 3 187
0D 0 0 3 187
0E 0 0 3 187
0F 0 0 3 187
10 0 0 3 187
11 0 0 3 187
12 0 0 3 187
13 0 0 3 187
14 0 0 3 187
15 0 0 3 187
16 0 0 3 187
17 0 0 3 187
18 0 0 3 187
19 0 0 3 187
1A 0 0 3 187
1B 0 0 3 187
1C 0 0 3 187
1D 0 0 3 187
1E 0 0 3 187
1F 0 0 3 187
20 0 0 3 187
21 0 0 3 187
22 0 0 3 187
23 0 0 3 187
24 0 0 3 187
25 0 0 3 187
26 0 0 3 187
27 0 0 3 187
28 0 0 3 187
29 0 0 3 187
2A 0 0 3 187
2B 0 0 3 187
2C 0 0 3 187
2D 0 0 3 187
2E 0 0 3 187
2F 0 0 3 187
30 1 1 3 187
00 0 0 5 356
0A 0 0 5 356
35 0 0 5 356
01 0 0 5 356
02 0 0 5 356
03 0 0 5 356
DE 0 0 5 356
AD 0 0 5 356
BE 0 0 5 356
EF 0 0 5 356
00 0 0 5 356
01 0 0 5 356
08 0 0 5 356
00 0 0 5 356
05 0 0 5 356
06 0 0 5 356
07 0 0 5 356
08 0 0 5 356
09 0 0 5 356
0A 0 0 5 356
0B 0 0 5 356
0C 0 0 5 356
0D 0 0 5 356
0E 0 0 5 356
0F 0 0 5 356
10 0 0 5 356
11 0 0 5 356
12 0 0 5 356
13 0 0 5 356
14 0 0 5 356
15 0 0 5 356
16 0 0 5 356
17 0 0 5 356
18 0 0 5 356
19 0 0 5 356
1A 0 0 5 356
1B 0 0 5 356
1C 0 0 5 356
1D 0 0 5 356
1E 0 0 5 356
1F 0 0 5 356
20 0 0 5 356
21 0 0 5 356
22 0 0 5 356
23 0 0 5 356
24 0 0 5 356
25 0 0 5 356
26 0 0 5 356
27 0 0 5 356
28 0 0 5 356
29 0 0 5 356
2A 0 0 5 356
2B 0 0 5 356
2C 0 0 5 356
2D 0 0 5 356
2E 0 0 5 356
2F 0 0 5 356
30 0 0 5 356
31 0 0 5 356
32 0 0 5 356
33 0 0 5 356
34 0 0 5 356
35 0 0 5 356
36 0 0 5 356
37 0 0 5 356
38 0 0 5 356
39 0 0 5 356
3A 0 0 5 356
3B 0 0 5 356
3C 0 0 5 356
3D 0 0 5 356
3E 0 0 5 356
3F 0 0 5 356
40 0 0 5 356
41 0 0 5 356
42 0 0 5 356
43 1 1 5 356
00 0 0 7 559
0A 0 0 7 559
35 0 0 7 559
01 0 0 7 559
02 0 0 7 559
03 0 0 7 559
DE 0 0 7 559
AD 0 0 7 559
BE 0 0 7 559
EF 0 0 7 559
00 0 0 7 559
01 0 0 7 559
08 0 0 7 559
00 0 0 7 559
07 0 0 7 559
08 0 0 7 559
09 0 0 7 559
0A 0 0 7 559
0B 0 0 7 559
0C 0 0 7 559
0D 0 0 7 559
0E 0 0 7 559
0F 0 0 7 559
10 0 0 7 559
11 0 0 7 559
12 0 0 7 559
13 0 0 7 559
14 0 0 7 559
15 0 0 7 559
16 0 0 7 559
17 0 0 7 559
18 0 0 7 559
19 0 0 7 559
1A 0 0 7 559
1B 0 0 7 559
1C 0 0 7 559
1D 0 0 7 559
1E 0 0 7 559
1F 0 0 7 559
20 0 0 7 559
21 0 0 7 559
22 0 0 7 559
23 0 0 7 559
24 0 0 7 559
25 0 0 7 559
26 0 0 7 559
27 0 0 7 559
28 0 0 7 559
29 0 0 7 559
2A 0 0 7 559
2B 0 0 7 559
2C 0 0 7 559
2D 0 0 7 559
2E 0 0 7 559
2F 0 0 7 559
30 0 0 7 559
31 0 0 7 559
32 0 0 7 559
33 0 0 7 559
34 0 0 7 559
35 0 0 7 559
36 0 0 7 559
37 0 0 7 559
38 0 0 7 559
39 0 0 7 559
3A 0 0 7 559
3B 0 0 7 559
3C 0 0 7 559
3D 0 0 7 559
3E 0 0 7 559
3F 0 0 7 559
40 0 0 7 559
41 0 0 7 559
42 0 0 7 559
43 0 0 7 559
44 0 0 7 559
45 0 0 7 559
46 0 0 7 559
47 1 1 7 559
00 0 0 9 800
0A 0 0 9 800
35 0 0 9 800
01 0 0 9 800
02 0 0 9 800
03 0 0 9 800
DE 0 0 9 800
AD 0 0 9 800
BE 0 0 9 800
EF 0 0 9 800
00 0 0 9 800
01 0 0 9 800
08 0 0 9 800
00 0 0 9 800
09 0 0 9 800
0A 0 0 9 800
0B 0 0 9 800
0C 0 0 9 800
0D 0 0 9 800
0E 0 0 9 800
0F 0 0 9 800
10 0 0 9 800
11 0 0 9 800
12 0 0 9 800
13 0 0 9 800
14 0 0 9 800
15 0 0 9 800
16 0 0 9 800
17 0 0 9 800
18 0 0 9 800
19 0 0 9 800
1A 0 0 9 800
1B 0 0 9 800
1C 0 0 9 800
1D 0 0 9 800
1E 0 0 9 800
1F 0 0 9 800
20 0 0 9 800
21 0 0 9 800
22 0 0 9 800
23 0 0 9 800
24 0 0 9 800
25 0 0 9 800
26 0 0 9 800
27 0 0 9 800
28 0 0 9 800
29 0 0 9 800
2A 0 0 9 800
2B 0 0 9 800
2C 0 0 9 800
2D 0 0 9 800
2E 0 0 9 800
2F 0 0 9 800
30 0 0 9 800
31 0 0 9 800
32 0 0 9 800
33 0 0 9 800
34 0 0 9 800
35 0 0 9 800
36 0 0 9 800
37 0 0 9 800
38 0 0 9 800
39 0 0 9 800
3A 0 0 9 800
3B 0 0 9 800
3C 0 0 9 800
3D 0 0 9 800
3E 0 0 9 800
3F 0 0 9 800
40 0 0 9 800
41 0 0 9 800
42 0 0 9 800
43 0 0 9 800
44 0 0 9 800
45 0 0 9 800
46 0 0 9 800
47 0 0 9 800
48 0 0 9 800
49 0 0 9 800
4A 0 0 9 800
4B 0 0 9 800
4C 0 0 9 800
4D 0 0 9 800
4E 0 0 9 800
4F 0 0 9 800
50 0 0 9 800
51 0 0 9 800
52 0 0 9 800
53 0 0 9 800
54 0 0 9 800
55 0 0 9 800
56 0 0 9 800
57 0 0 9 800
58 0 0 9 800
59 0 0 9 800
5A 0 0 9 800
5B 0 0 9 800
5C 0 0 9 800
5D 0 0 9 800
5E 0 0 9 800
5F 0 0 9 800
60 0 0 9 800
61 0 0 9 800
62 0 0 9 800
63 0 0 9 800
64 0 0 9 800
65 0 0 9 800
66 0 0 9 800
67 0 0 9 800
68 0 0 9 800
69 0 0 9 800
6A 0 0 9 800
6B 0 0 9 800
6C 0 0 9 800
6D 0 0 9 800
6E 0 0 9 800
6F 0 0 9 800
70 0 0 9 800
71 0 0 9 800
72 0 0 9 800
73 0 0 9 800
74 0 0 9 800
75 0 0 9 800
76 0 0 9 800
77 0 0 9 800
78 0 0 9 800
79 0 0 9 800
7A 0 0 9 800
7B 0 0 9 800
7C 0 0 9 800
7D 0 0 9 800
7E 0 0 9 800
7F 0 0 9 800
80 0 0 9 800
81 0 0 9 800
82 0 0 9 800
83 0 0 9 800
84 0 0 9 800
85 0 0 9 800
86 0 0 9 800
87 0 0 9 800
88 0 0 9 800
89 0 0 9 800
8A 0 0 9 800
8B 0 0 9 800
8C 0 0 9 800
8D 0 0 9 800
8E 0 0 9 800
8F 0 0 9 800
90 0 0 9 800
91 0 0 9 800
92 0 0 9 800
93 0 0 9 800
94 0 0 9 800
95 0 0 9 800
96 0 0 9 800
97 0 0 9 800
98 0 0 9 800
99 0 0 9 800
9A 0 0 9 800
9B 0 0 9 800
9C 0 0 9 800
9D 0 0 9 800
9E 0 0 9 800
9F 0 0 9 800
A0 0 0 9 800
A1 0 0 9 800
A2 0 0 9 800
A3 0 0 9 800
A4 0 0 9 800
A5 0 0 9 800
A6 0 0 9 800
A7 0 0 9 800
A8 0 0 9 800
A9 0 0 9 800
AA 0 0 9 800
AB 0 0 9 800
AC 0 0 9 800
AD 0 0 9 800
AE 0 0 9 800
AF 0 0 9 800
B0 0 0 9 800
B1 0 0 9 800
B2 0 0 9 800
B3 0 0 9 800
B4 0 0 9 800
B5 0 0 9 800
B6 0 0 9 800
B7 0 0 9 800
B8 0 0 9 800
B9 0 0 9 800
BA 0 0 9 800
BB 0 0 9 800
BC 0 0 9 800
BD 0 0 9 800
BE 0 0 9 800
BF 0 0 9 800
C0 0 0 9 800
C1 0 0 9 800
C2 0 0 9 800
C3 0 0 9 800
C4 0 0 9 800
C5 0 0 9 800
C6 0 0 9 800
C7 0 0 9 800
C8 0 0 9 800
C9 0 0 9 800
CA 0 0 9 800
CB 0 0 9 800
CC 0 0 9 800
CD 0 0 9 800
CE 0 0 9 800
CF 0 0 9 800
D0 0 0 9 800
D1 0 0 9 800
D2 0 0 9 800
D3 0 0 9 800
D4 0 0 9 800
D5 0 0 9 800
D6 0 0 9 800
D7 0 0 9 800
D8 0 0 9 800
D9 0 0 9 800
DA 0 0 9 800
DB 0 0 9 800
DC 0 0 9 800
DD 0 0 9 800
DE 0 0 9 800
DF 0 0 9 800
E0 0 0 9 800
E1 0 0 9 800
E2 0 0 9 800
E3 0 0 9 800
E4 0 0 9 800
E5 0 0 9 800
E6 0 0 9 800
E7 0 0 9 800
E8 0 0 9 800
E9 0 0 9 800
EA 0 0 9 800
EB 0 0 9 800
EC 0 0 9 800
ED 0 0 9 800
EE 0 0 9 800
EF 0 0 9 800
F0 0 0 9 800
F1 0 0 9 800
F2 0 0 9 800
F3 0 0 9 800
F4 0 0 9 800
F5 0 0 9 800
F6 0 0 9 800
F7 0 0 9 800
F8 0 0 9 800
F9 0 0 9 800
FA 0 0 9 800
00 0 0 9 800
01 0 0 9 800
02 0 0 9 800
03 0 0 9 800
04 0 0 9 800
05 0 0 9 800
06 0 0 9 800
07 0 0 9 800
08 0 0 9 800
09 0 0 9 800
0A 0 0 9 800
0B 0 0 9 800
0C 0 0 9 800
0D 0 0 9 800
0E 0 0 9 800
0F 0 0 9 800
10 0 0 9 800
11 0 0 9 800
12 0 0 9 800
13 0 0 9 800
14 0 0 9 800
15 0 0 9 800
16 0 0 9 800
17 0 0 9 800
18 0 0 9 800
19 0 0 9 800
1A 0 0 9 800
1B 0 0 9 800
1C 0 0 9 800
1D 0 0 9 800
1E 0 0 9 800
1F 0 0 9 800
20 0 0 9 800
21 0 0 9 800
22 0 0 9 800
23 0 0 9 800
24 0 0 9 800
25 0 0 9 800
26 0 0 9 800
27 0 0 9 800
28 0 0 9 800
29 0 0 9 800
2A 0 0 9 800
2B 0 0 9 800
2C 0 0 9 800
2D 0 0 9 800
2E 0 0 9 800
2F 0 0 9 800
30 0 0 9 800
31 0 0 9 800
32 0 0 9 800
33 0 0 9 800
34 0 0 9 800
35 0 0 9 800
36 0 0 9 800
37 0 0 9 800
38 0 0 9 800
39 0 0 9 800
3A 0 0 9 800
3B 0 0 9 800
3C 0 0 9 800
3D 0 0 9 800
3E 0 0 9 800
3F 0 0 9 800
40 0 0 9 800
41 0 0 9 800
42 0 0 9 800
43 0 0 9 800
44 0 0 9 800
45 0 0 9 800
46 0 0 9 800
47 0 0 9 800
48 0 0 9 800
49 0 0 9 800
4A 0 0 9 800
4B 0 0 9 800
4C 0 0 9 800
4D 0 0 9 800
4E 0 0 9 800
4F 0 0 9 800
50 0 0 9 800
51 0 0 9 800
52 0 0 9 800
53 0 0 9 800
54 0 0 9 800
55 0 0 9 800
56 0 0 9 800
57 0 0 9 800
58 0 0 9 800
59 0 0 9 800
5A 0 0 9 800
5B 0 0 9 800
5C 0 0 9 800
5D 0 0 9 800
5E 0 0 9 800
5F 0 0 9 800
60 0 0 9 800
61 0 0 9 800
62 0 0 9 800
63 0 0 9 800
64 0 0 9 800
65 0 0 9 800
66 0 0 9 800
67 0 0 9 800
68 0 0 9 800
69 0 0 9 800
6A 0 0 9 800
6B 0 0 9 800
6C 0 0 9 800
6D 0 0 9 800
6E 0 0 9 800
6F 0 0 9 800
70 0 0 9 800
71 0 0 9 800
72 0 0 9 800
73 0 0 9 800
74 0 0 9 800
75 0 0 9 800
76 0 0 9 800
77 0 0 9 800
78 0 0 9 800
79 0 0 9 800
7A 0 0 9 800
7B 0 0 9 800
7C 0 0 9 800
7D 0 0 9 800
7E 0 0 9 800
7F 0 0 9 800
80 0 0 9 800
81 0 0 9 800
82 0 0 9 800
83 0 0 9 800
84 0 0 9 800
85 0 0 9 800
86 0 0 9 800
87 0 0 9 800
88 0 0 9 800
89 0 0 9 800
8A 0 0 9 800
8B 0 0 9 800
8C 0 0 9 800
8D 0 0 9 800
8E 0 0 9 800
8F 0 0 9 800
90 0 0 9 800
91 0 0 9 800
92 0 0 9 800
93 0 0 9 800
94 0 0 9 800
95 0 0 9 800
96 0 0 9 800
97 0 0 9 800
98 0 0 9 800
99 0 0 9 800
9A 0 0 9 800
9B 0 0 9 800
9C 0 0 9 800
9D 0 0 9 800
9E 0 0 9 800
9F 0 0 9 800
A0 0 0 9 800
A1 0 0 9 800
A2 0 0 9 800
A3 0 0 9 800
A4 0 0 9 800
A5 0 0 9 800
A6 0 0 9 800
A7 0 0 9 800
A8 0 0 9 800
A9 0 0 9 800
AA 0 0 9 800
AB 0 0 9 800
AC 0 0 9 800
AD 0 0 9 800
AE 0 0 9 800
AF 0 0 9 800
B0 0 0 9 800
B1 0 0 9 800
B2 0 0 9 800
B3 0 0 9 800
B4 0 0 9 800
B5 0 0 9 800
B6 0 0 9 800
B7 0 0 9 800
B8 0 0 9 800
B9 0 0 9 800
BA 0 0 9 800
BB 0 0 9 800
BC 0 0 9 800
BD 0 0 9 800
BE 0 0 9 800
BF 0 0 9 800
C0 0 0 9 800
C1 0 0 9 800
C2 0 0 9 800
C3 0 0 9 800
C4 0 0 9 800
C5 0 0 9 800
C6 0 0 9 800
C7 0 0 9 800
C8 0 0 9 800
C9 0 0 9 800
CA 0 0 9 800
CB 0 0 9 800
CC 0 0 9 800
CD 0 0 9 800
CE 0 0 9 800
CF 0 0 9 800
D0 0 0 9 800
D1 0 0 9 800
D2 0 0 9 800
D3 0 0 9 800
D4 0 0 9 800
D5 0 0 9 800
D6 0 0 9 800
D7 0 0 9 800
D8 0 0 9 800
D9 0 0 9 800
DA 0 0 9 800
DB 0 0 9 800
DC 0 0 9 800
DD 0 0 9 800
DE 0 0 9 800
DF 0 0 9 800
E0 0 0 9 800
E1 0 0 9 800
E2 0 0 9 800
E3 0 0 9 800
E4 0 0 9 800
E5 0 0 9 800
E6 0 0 9 800
E7 0 0 9 800
E8 0 0 9 800
E9 0 0 9 800
EA 0 0 9 800
EB 0 0 9 800
EC 0 0 9 800
ED 0 0 9 800
EE 0 0 9 800
EF 0 0 9 800
F0 0 0 9 800
F1 0 0 9 800
F2 0 0 9 800
F3 0 0 9 800
F4 0 0 9 800
F5 0 0 9 800
F6 0 0 9 800
F7 0 0 9 800
F8 0 0 9 800
F9 0 0 9 800
FA 0 0 9 800
00 0 0 9 800
01 0 0 9 800
02 0 0 9 800
03 0 0 9 800
04 0 0 9 800
05 0 0 9 800
06 0 0 9 800
07 0 0 9 800
08 0 0 9 800
09 0 0 9 800
0A 0 0 9 800
0B 0 0 9 800
0C 0 0 9 800
0D 0 0 9 800
0E 0 0 9 800
0F 0 0 9 800
10 0 0 9 800
11 0 0 9 800
12 1 1 9 800
D6 0 0 10 1568
D7 0 0 10 1568
D8 0 0 10 1568
D9 0 0 10 1568
DA 0 0 10 1568
DB 0 0 10 1568
DC 0 0 10 1568
DD 0 0 10 1568
DE 0 0 10 1568
DF 0 0 10 1568
E0 0 0 10 1568
E1 0 0 10 1568
E2 0 0 10 1568
E3 0 0 10 1568
E4 0 0 10 1568
E5 0 0 10 1568
E6 0 0 10 1568
E7 0 0 10 1568
E8 0 0 10 1568
E9 0 0 10 1568
EA 0 0 10 1568
EB 0 0 10 1568
EC 0 0 10 1568
ED 0 0 10 1568
EE 0 0 10 1568
EF 0 0 10 1568
F0 0 0 10 1568
F1 0 0 10 1568
F2 0 0 10 1568
F3 0 0 10 1568
F4 0 0 10 1568
F5 0 0 10 1568
F6 0 0 10 1568
F7 0 0 10 1568
F8 0 0 10 1568
F9 0 0 10 1568
FA 0 0 10 1568
00 0 0 10 1568
01 0 0 10 1568
02 0 0 10 1568
03 0 0 10 1568
04 0 0 10 1568
05 0 0 10 1568
06 0 0 10 1568
07 0 0 10 1568
08 0 0 10 1568
09 0 0 10 1568
0A 0 0 10 1568
0B 0 0 10 1568
0C 0 0 10 1568
0D 0 0 10 1568
0E 0 0 10 1568
0F 0 0 10 1568
10 0 0 10 1568
11 0 0 10 1568
12 0 0 10 1568
13 0 0 10 1568
14 0 0 10 1568
15 0 0 10 1568
16 0 0 10 1568
17 0 0 10 1568
18 0 0 10 1568
19 0 0 10 1568
1A 0 0 10 1568
1B 0 0 10 1568
1C 0 0 10 1568
1D 0 0 10 1568
1E 0 0 10 1568
1F 0 0 10 1568
20 0 0 10 1568
21 0 0 10 1568
22 0 0 10 1568
23 0 0 10 1568
24 0 0 10 1568
25 0 0 10 1568
26 0 0 10 1568
27 0 0 10 1568
28 0 0 10 1568
29 0 0 10 1568
2A 0 0 10 1568
2B 0 0 10 1568
2C 0 0 10 1568
2D 0 0 10 1568
2E 0 0 10 1568
2F 0 0 10 1568
30 0 0 10 1568
31 0 0 10 1568
32 0 0 10 1568
33 0 0 10 1568
34 0 0 10 1568
35 0 0 10 1568
36 0 0 10 1568
37 0 0 10 1568
38 0 0 10 1568
39 0 0 10 1568
3A 0 0 10 1568
3B 0 0 10 1568
3C 0 0 10 1568
3D 0 0 10 1568
3E 0 0 10 1568
3F 0 0 10 1568
40 0 0 10 1568
41 0 0 10 1568
42 0 0 10 1568
43 0 0 10 1568
44 0 0 10 1568
45 0 0 10 1568
46 0 0 10 1568
47 0 0 10 1568
48 0 0 10 1568
49 0 0 10 1568
4A 0 0 10 1568
4B 0 0 10 1568
4C 0 0 10 1568
4D 0 0 10 1568
4E 0 0 10 1568
4F 0 0 10 1568
50 0 0 10 1568
51 0 0 10 1568
52 0 0 10 1568
53 0 0 10 1568
54 0 0 10 1568
55 0 0 10 1568
56 0 0 10 1568
57 0 0 10 1568
58 0 0 10 1568
59 0 0 10 1568
5A 0 0 10 1568
5B 0 0 10 1568
5C 0 0 10 1568
5D 0 0 10 1568
5E 0 0 10 1568
5F 0 0 10 1568
60 0 0 10 1568
61 0 0 10 1568
62 0 0 10 1568
63 0 0 10 1568
64 0 0 10 1568
65 0 0 10 1568
66 0 0 10 1568
67 0 0 10 1568
68 0 0 10 1568
69 0 0 10 1568
6A 0 0 10 1568
6B 0 0 10 1568
6C 0 0 10 1568
6D 0 0 10 1568
6E 0 0 10 1568
6F 0 0 10 1568
70 0 0 10 1568
71 0 0 10 1568
72 0 0 10 1568
73 0 0 10 1568
74 0 0 10 1568
75 0 0 10 1568
76 0 0 10 1568
77 0 0 10 1568
78 0 0 10 1568
79 0 0 10 1568
7A 0 0 10 1568
7B 0 0 10 1568
7C 0 0 10 1568
7D 0 0 10 1568
7E 0 0 10 1568
7F 0 0 10 1568
80 0 0 10 1568
81 0 0 10 1568
82 0 0 10 1568
83 0 0 10 1568
84 0 0 10 1568
85 0 0 10 1568
86 0 0 10 1568
87 0 0 10 1568
88 0 0 10 1568
89 0 0 10 1568
8A 0 0 10 1568
8B 0 0 10 1568
8C 0 0 10 1568
8D 0 0 10 1568
8E 0 0 10 1568
8F 0 0 10 1568
90 0 0 10 1568
91 0 0 10 1568
92 0 0 10 1568
93 0 0 10 1568
94 0 0 10 1568
95 0 0 10 1568
96 0 0 10 1568
97 0 0 10 1568
98 0 0 10 1568
99 0 0 10 1568
9A 0 0 10 1568
9B 0 0 10 1568
9C 0 0 10 1568
9D 0 0 10 1568
9E 0 0 10 1568
9F 0 0 10 1568
A0 0 0 10 1568
A1 0 0 10 1568
A2 0 0 10 1568
A3 0 0 10 1568
A4 0 0 10 1568
A5 0 0 10 1568
A6 0 0 10 1568
A7 0 0 10 1568
A8 0 0 10 1568
A9 0 0 10 1568
AA 0 0 10 1568
AB 0 0 10 1568
AC 0 0 10 1568
AD 0 0 10 1568
AE 0 0 10 1568
AF 0 0 10 1568
B0 0 0 10 1568
B1 0 0 10 1568
B2 0 0 10 1568
B3 0 0 10 1568
B4 0 0 10 1568
B5 0 0 10 1568
B6 0 0 10 1568
B7 0 0 10 1568
B8 0 0 10 1568
B9 0 0 10 1568
BA 0 0 10 1568
BB 0 0 10 1568
BC 0 0 10 1568
BD 0 0 10 1568
BE 0 0 10 1568
BF 0 0 10 1568
C0 0 0 10 1568
C1 0 0 10 1568
C2 0 0 10 1568
C3 0 0 10 1568
C4 0 0 10 1568
C5 0 0 10 1568
C6 0 0 10 1568
C7 0 0 10 1568
C8 0 0 10 1568
C9 0 0 10 1568
CA 0 0 10 1568
CB 0 0 10 1568
CC 0 0 10 1568
CD 0 0 10 1568
CE 0 0 10 1568
CF 0 0 10 1568
D0 0 0 10 1568
D1 0 0 10 1568
D2 0 0 10 1568
D3 0 0 10 1568
D4 0 0 10 1568
D5 0 0 10 1568
D6 0 0 10 1568
D7 0 0 10 1568
D8 0 0 10 1568
D9 0 0 10 1568
DA 0 0 10 1568
DB 0 0 10 1568
DC 0 0 10 1568
DD 0 0 10 1568
DE 0 0 10 1568
DF 0 0 10 1568
E0 0 0 10 1568
E1 0 0 10 1568
E2 0 0 10 1568
E3 0 0 10 1568
E4 0 0 10 1568
E5 0 0 10 1568
E6 0 0 10 1568
E7 0 0 10 1568
E8 0 0 10 1568
E9 0 0 10 1568
EA 0 0 10 1568
EB 0 0 10 1568
EC 0 0 10 1568
ED 0 0 10 1568
EE 0 0 10 1568
EF 0 0 10 1568
F0 0 0 10 1568
F1 0 0 10 1568
F2 0 0 10 1568
F3 0 0 10 1568
F4 0 0 10 1568
F5 0 0 10 1568
F6 0 0 10 1568
F7 0 0 10 1568
F8 0 0 10 1568
F9 0 0 10 1568
FA 0 0 10 1568
00 0 0 10 1568
01 0 0 10 1568
02 0 0 10 1568
03 0 0 10 1568
04 0 0 10 1568
05 0 0 10 1568
06 0 0 10 1568
07 0 0 10 1568
08 0 0 10 1568
09 0 0 10 1568
0A 0 0 10 1568
0B 0 0 10 1568
0C 0 0 10 1568
0D 0 0 10 1568
0E 0 0 10 1568
0F 0 0 10 1568
10 0 0 10 1568
11 0 0 10 1568
12 0 0 10 1568
13 0 0 10 1568
14 0 0 10 1568
15 0 0 10 1568
16 0 0 10 1568
17 0 0 10 1568
18 0 0 10 1568
19 0 0 10 1568
1A 0 0 10 1568
1B 0 0 10 1568
1C 0 0 10 1568
1D 0 0 10 1568
1E 0 0 10 1568
1F 0 0 10 1568
20 0 0 10 1568
21 0 0 10 1568
22 0 0 10 1568
23 0 0 10 1568
24 0 0 10 1568
25 0 0 10 1568
26 0 0 10 1568
27 0 0 10 1568
28 0 0 10 1568
29 0 0 10 1568
2A 0 0 10 1568
2B 0 0 10 1568
2C 0 0 10 1568
2D 0 0 10 1568
2E 0 0 10 1568
2F 0 0 10 1568
30 0 0 10 1568
31 0 0 10 1568
32 0 0 10 1568
33 0 0 10 1568
34 0 0 10 1568
35 0 0 10 1568
36 0 0 10 1568
37 0 0 10 1568
38 0 0 10 1568
39 0 0 10 1568
3A 0 0 10 1568
3B 0 0 10 1568
3C 0 0 10 1568
3D 0 0 10 1568
3E 0 0 10 1568
3F 0 0 10 1568
40 0 0 10 1568
41 0 0 10 1568
42 0 0 10 1568
43 0 0 10 1568
44 0 0 10 1568
45 0 0 10 1568
46 0 0 10 1568
47 0 0 10 1568
48 0 0 10 1568
49 0 0 10 1568
4A 0 0 10 1568
4B 0 0 10 1568
4C 0 0 10 1568
4D 0 0 10 1568
4E 0 0 10 1568
4F 0 0 10 1568
50 0 0 10 1568
51 0 0 10 1568
52 0 0 10 1568
53 0 0 10 1568
54 0 0 10 1568
55 0 0 10 1568
56 0 0 10 1568
57 0 0 10 1568
58 0 0 10 1568
59 0 0 10 1568
5A 0 0 10 1568
5B 0 0 10 1568
5C 0 0 10 1568
5D 0 0 10 1568
5E 0 0 10 1568
5F 0 0 10 1568
60 0 0 10 1568
61 0 0 10 1568
62 0 0 10 1568
63 0 0 10 1568
64 0 0 10 1568
65 0 0 10 1568
66 0 0 10 1568
67 0 0 10 1568
68 0 0 10 1568
69 0 0 10 1568
6A 0 0 10 1568
6B 0 0 10 1568
6C 0 0 10 1568
6D 0 0 10 1568
6E 0 0 10 1568
6F 0 0 10 1568
70 0 0 10 1568
71 0 0 10 1568
72 0 0 10 1568
73 0 0 10 1568
74 0 0 10 1568
75 0 0 10 1568
76 0 0 10 1568
77 0 0 10 1568
78 0 0 10 1568
79 0 0 10 1568
7A 0 0 10 1568
7B 0 0 10 1568
7C 0 0 10 1568
7D 0 0 10 1568
7E 0 0 10 1568
7F 0 0 10 1568
80 0 0 10 1568
81 0 0 10 1568
82 0 0 10 1568
83 0 0 10 1568
84 0 0 10 1568
85 0 0 10 1568
86 0 0 10 1568
87 0 0 10 1568
88 0 0 10 1568
89 0 0 10 1568
8A 0 0 10 1568
8B 0 0 10 1568
8C 0 0 10 1568
8D 0 0 10 1568
8E 0 0 10 1568
8F 0 0 10 1568
90 0 0 10 1568
91 0 0 10 1568
92 0 0 10 1568
93 0 0 10 1568
94 0 0 10 1568
95 0 0 10 1568
96 0 0 10 1568
97 0 0 10 1568
98 0 0 10 1568
99 0 0 10 1568
9A 0 0 10 1568
9B 0 0 10 1568
9C 0 0 10 1568
9D 0 0 10 1568
9E 0 0 10 1568
9F 0 0 10 1568
A0 0 0 10 1568
A1 0 0 10 1568
A2 0 0 10 1568
A3 0 0 10 1568
A4 0 0 10 1568
A5 0 0 10 1568
A6 0 0 10 1568
A7 0 0 10 1568
A8 0 0 10 1568
A9 0 0 10 1568
AA 0 0 10 1568
AB 0 0 10 1568
AC 0 0 10 1568
AD 0 0 10 1568
AE 0 0 10 1568
AF 0 0 10 1568
B0 0 0 10 1568
B1 0 0 10 1568
B2 0 0 10 1568
B3 0 0 10 1568
B4 0 0 10 1568
B5 0 0 10 1568
B6 0 0 10 1568
B7 0 0 10 1568
B8 0 0 10 1568
B9 0 0 10 1568
BA 0 0 10 1568
BB 0 0 10 1568
BC 0 0 10 1568
BD 0 0 10 1568
BE 0 0 10 1568
BF 0 0 10 1568
C0 0 0 10 1568
C1 0 0 10 1568
C2 0 0 10 1568
C3 0 0 10 1568
C4 0 0 10 1568
C5 0 0 10 1568
C6 0 0 10 1568
C7 0 0 10 1568
C8 0 0 10 1568
C9 0 0 10 1568
CA 0 0 10 1568
CB 0 0 10 1568
CC 0 0 10 1568
CD 0 0 10 1568
CE 0 0 10 1568
CF 0 0 10 1568
D0 0 0 10 1568
D1 0 0 10 1568
D2 0 0 10 1568
D3 0 0 10 1568
D4 0 0 10 1568
D5 0 0 10 1568
D6 0 0 10 1568
D7 0 0 10 1568
D8 0 0 10 1568
D9 0 0 10 1568
DA 0 0 10 1568
DB 0 0 10 1568
DC 0 0 10 1568
DD 0 0 10 1568
DE 0 0 10 1568
DF 0 0 10 1568
E0 0 0 10 1568
E1 0 0 10 1568
E2 0 0 10 1568
E3 0 0 10 1568
E4 0 0 10 1568
E5 0 0 10 1568
E6 0 0 10 1568
E7 0 0 10 1568
E8 0 0 10 1568
E9 0 0 10 1568
EA 0 0 10 1568
EB 0 0 10 1568
EC 0 0 10 1568
ED 0 0 10 1568
EE 0 0 10 1568
EF 0 0 10 1568
F0 0 0 10 1568
F1 0 0 10 1568
F2 0 0 10 1568
F3 0 0 10 1568
F4 0 0 10 1568
F5 0 0 10 1568
F6 0 0 10 1568
F7 0 0 10 1568
F8 0 0 10 1568
F9 0 0 10 1568
FA 0 0 10 1568
00 0 0 10 1568
01 0 0 10 1568
02 0 0 10 1568
03 0 0 10 1568
04 0 0 10 1568
05 0 0 10 1568
06 0 0 10 1568
07 0 0 10 1568
08 0 0 10 1568
09 0 0 10 1568
0A 0 0 10 1568
0B 0 0 10 1568
0C 0 0 10 1568
0D 0 0 10 1568
0E 0 0 10 1568
0F 0 0 10 1568
10 0 0 10 1568
11 0 0 10 1568
12 0 0 10 1568
13 0 0 10 1568
14 0 0 10 1568
15 0 0 10 1568
16 0 0 10 1568
17 0 0 10 1568
18 0 0 10 1568
19 0 0 10 1568
1A 0 0 10 1568
1B 0 0 10 1568
1C 0 0 10 1568
1D 0 0 10 1568
1E 0 0 10 1568
1F 0 0 10 1568
20 0 0 10 1568
21 0 0 10 1568
22 0 0 10 1568
23 0 0 10 1568
24 0 0 10 1568
25 0 0 10 1568
26 0 0 10 1568
27 0 0 10 1568
28 0 0 10 1568
29 0 0 10 1568
2A 0 0 10 1568
2B 0 0 10 1568
2C 0 0 10 1568
2D 0 0 10 1568
2E 0 0 10 1568
2F 0 0 10 1568
30 0 0 10 1568
31 0 0 10 1568
32 0 0 10 1568
33 0 0 10 1568
34 0 0 10 1568
35 0 0 10 1568
36 0 0 10 1568
37 0 0 10 1568
38 0 0 10 1568
39 0 0 10 1568
3A 0 0 10 1568
3B 0 0 10 1568
3C 0 0 10 1568
3D 0 0 10 1568
3E 0 0 10 1568
3F 0 0 10 1568
40 0 0 10 1568
41 0 0 10 1568
42 0 0 10 1568
43 0 0 10 1568
44 0 0 10 1568
45 0 0 10 1568
46 0 0 10 1568
47 0 0 10 1568
48 0 0 10 1568
49 0 0 10 1568
4A 0 0 10 1568
4B 0 0 10 1568
4C 0 0 10 1568
4D 0 0 10 1568
4E 0 0 10 1568
4F 0 0 10 1568
50 0 0 10 1568
51 0 0 10 1568
52 0 0 10 1568
53 0 0 10 1568
54 0 0 10 1568
55 0 0 10 1568
56 0 0 10 1568
57 0 0 10 1568
58 0 0 10 1568
59 0 0 10 1568
5A 0 0 10 1568
5B 0 0 10 1568
5C 0 0 10 1568
5D 0 0 10 1568
5E 0 0 10 1568
5F 0 0 10 1568
60 0 0 10 1568
61 0 0 10 1568
62 0 0 10 1568
63 0 0 10 1568
64 0 0 10 1568
65 0 0 10 1568
66 0 0 10 1568
67 0 0 10 1568
68 0 0 10 1568
69 0 0 10 1568
6A 0 0 10 1568
6B 0 0 10 1568
6C 0 0 10 1568
6D 0 0 10 1568
6E 0 0 10 1568
6F 0 0 10 1568
70 0 0 10 1568
71 0 0 10 1568
72 0 0 10 1568
73 0 0 10 1568
74 0 0 10 1568
75 0 0 10 1568
76 0 0 10 1568
77 0 0 10 1568
78 0 0 10 1568
79 0 0 10 1568
7A 0 0 10 1568
7B 0 0 10 1568
7C 0 0 10 1568
7D 0 0 10 1568
7E 0 0 10 1568
7F 0 0 10 1568
80 0 0 10 1568
81 0 0 10 1568
82 0 0 10 1568
83 0 0 10 1568
84 0 0 10 1568
85 0 0 10 1568
86 0 0 10 1568
87 0 0 10 1568
88 0 0 10 1568
89 0 0 10 1568
8A 0 0 10 1568
8B 0 0 10 1568
8C 0 0 10 1568
8D 0 0 10 1568
8E 0 0 10 1568
8F 0 0 10 1568
90 0 0 10 1568
91 0 0 10 1568
92 0 0 10 1568
93 0 0 10 1568
94 0 0 10 1568
95 0 0 10 1568
96 0 0 10 1568
97 0 0 10 1568
98 0 0 10 1568
99 0 0 10 1568
9A 0 0 10 1568
9B 0 0 10 1568
9C 0 0 10 1568
9D 0 0 10 1568
9E 0 0 10 1568
9F 0 0 10 1568
A0 0 0 10 1568
A1 0 0 10 1568
A2 0 0 10 1568
A3 0 0 10 1568
A4 0 0 10 1568
A5 0 0 10 1568
A6 0 0 10 1568
A7 0 0 10 1568
A8 0 0 10 1568
A9 0 0 10 1568
AA 0 0 10 1568
AB 0 0 10 1568
AC 0 0 10 1568
AD 0 0 10 1568
AE 0 0 10 1568
AF 0 0 10 1568
B0 0 0 10 1568
B1 0 0 10 1568
B2 0 0 10 1568
B3 0 0 10 1568
B4 0 0 10 1568
B5 0 0 10 1568
B6 0 0 10 1568
B7 0 0 10 1568
B8 0 0 10 1568
B9 0 0 10 1568
BA 0 0 10 1568
BB 0 0 10 1568
BC 0 0 10 1568
BD 0 0 10 1568
BE 0 0 10 1568
BF 0 0 10 1568
C0 0 0 10 1568
C1 0 0 10 1568
C2 0 0 10 1568
C3 0 0 10 1568
C4 0 0 10 1568
C5 0 0 10 1568
C6 0 0 10 1568
C7 0 0 10 1568
C8 0 0 10 1568
C9 0 0 10 1568
CA 0 0 10 1568
CB 0 0 10 1568
CC 0 0 10 1568
CD 0 0 10 1568
CE 0 0 10 1568
CF 0 0 10 1568
D0 0 0 10 1568
D1 0 0 10 1568
D2 0 0 10 1568
D3 0 0 10 1568
D4 0 0 10 1568
D5 0 0 10 1568
D6 0 0 10 1568
D7 0 0 10 1568
D8 0 0 10 1568
D9 0 0 10 1568
DA 0 0 10 1568
DB 0 0 10 1568
DC 0 0 10 1568
DD 0 0 10 1568
DE 0 0 10 1568
DF 0 0 10 1568
E0 0 0 10 1568
E1 0 0 10 1568
E2 0 0 10 1568
E3 0 0 10 1568
E4 0 0 10 1568
E5 0 0 10 1568
E6 0 0 10 1568
E7 0 0 10 1568
E8 0 0 10 1568
E9 0 0 10 1568
EA 0 0 10 1568
EB 0 0 10 1568
EC 0 0 10 1568
ED 0 0 10 1568
EE 0 0 10 1568
EF 0 0 10 1568
F0 0 0 10 1568
F1 0 0 10 1568
F2 0 0 10 1568
F3 0 0 10 1568
F4 0 0 10 1568
F5 0 0 10 1568
F6 0 0 10 1568
F7 0 0 10 1568
F8 0 0 10 1568
F9 0 0 10 1568
FA 0 0 10 1568
00 0 0 10 1568
01 0 0 10 1568
02 0 0 10 1568
03 0 0 10 1568
04 0 0 10 1568
05 1 0 10 1568
00 0 0 11 2388
0A 0 0 11 2388
35 0 0 11 2388
01 0 0 11 2388
02 0 0 11 2388
03 0 0 11 2388
DE 0 0 11 2388
AD 0 0 11 2388
BE 0 0 11 2388
EF 0 0 11 2388
00 0 0 11 2388
01 0 0 11 2388
08 0 0 11 2388
00 0 0 11 2388
0B 0 0 11 2388
0C 0 0 11 2388
0D 0 0 11 2388
0E 0 0 11 2388
0F 0 0 11 2388
10 0 0 11 2388
11 0 0 11 2388
12 0 0 11 2388
13 0 0 11 2388
14 0 0 11 2388
15 0 0 11 2388
16 0 0 11 2388
17 0 0 11 2388
18 0 0 11 2388
19 0 0 11 2388
1A 0 0 11 2388
1B 0 0 11 2388
1C 0 0 11 2388
1D 0 0 11 2388
1E 0 0 11 2388
1F 0 0 11 2388
20 0 0 11 2388
21 0 0 11 2388
22 0 0 11 2388
23 0 0 11 2388
24 0 0 11 2388
25 0 0 11 2388
26 0 0 11 2388
27 0 0 11 2388
28 0 0 11 2388
29 0 0 11 2388
2A 0 0 11 2388
2B 0 0 11 2388
2C 0 0 11 2388
2D 0 0 11 2388
2E 0 0 11 2388
2F 0 0 11 2388
30 0 0 11 2388
31 0 0 11 2388
32 0 0 11 2388
33 0 0 11 2388
34 0 0 11 2388
35 0 0 11 2388
36 0 0 11 2388
37 0 0 11 2388
38 0 0 11 2388
39 0 0 11 2388
3A 0 0 11 2388
3B 0 0 11 2388
3C 0 0 11 2388
3D 0 0 11 2388
3E 0 0 11 2388
3F 0 0 11 2388
40 0 0 11 2388
41 0 0 11 2388
42 0 0 11 2388
43 0 0 11 2388
44 0 0 11 2388
45 0 0 11 2388
46 0 0 11 2388
47 0 0 11 2388
48 0 0 11 2388
49 0 0 11 2388
4A 0 0 11 2388
4B 0 0 11 2388
4C 0 0 11 2388
4D 0 0 11 2388
4E 0 0 11 2388
4F 0 0 11 2388
50 0 0 11 2388
51 0 0 11 2388
52 0 0 11 2388
53 0 0 11 2388
54 0 0 11 2388
55 0 0 11 2388
56 0 0 11 2388
57 0 0 11 2388
58 0 0 11 2388
59 0 0 11 2388
5A 0 0 11 2388
5B 0 0 11 2388
5C 0 0 11 2388
5D 0 0 11 2388
5E 0 0 11 2388
5F 0 0 11 2388
60 0 0 11 2388
61 0 0 11 2388
62 0 0 11 2388
63 0 0 11 2388
64 0 0 11 2388
65 0 0 11 2388
66 0 0 11 2388
67 0 0 11 2388
68 0 0 11 2388
69 0 0 11 2388
6A 0 0 11 2388
6B 0 0 11 2388
6C 0 0 11 2388
6D 0 0 11 2388
6E 0 0 11 2388
6F 0 0 11 2388
70 0 0 11 2388
71 0 0 11 2388
72 0 0 11 2388
73 0 0 11 2388
74 0 0 11 2388
75 0 0 11 2388
76 0 0 11 2388
77 0 0 11 2388
78 0 0 11 2388
79 0 0 11 2388
7A 0 0 11 2388
7B 0 0 11 2388
7C 0 0 11 2388
7D 0 0 11 2388
7E 0 0 11 2388
7F 0 0 11 2388
80 0 0 11 2388
81 0 0 11 2388
82 0 0 11 2388
83 0 0 11 2388
84 0 0 11 2388
85 0 0 11 2388
86 0 0 11 2388
87 0 0 11 2388
88 0 0 11 2388
89 0 0 11 2388
8A 0 0 11 2388
8B 0 0 11 2388
8C 0 0 11 2388
8D 0 0 11 2388
8E 0 0 11 2388
8F 0 0 11 2388
90 0 0 11 2388
91 0 0 11 2388
92 0 0 11 2388
93 0 0 11 2388
94 0 0 11 2388
95 0 0 11 2388
96 0 0 11 2388
97 0 0 11 2388
98 0 0 11 2388
99 0 0 11 2388
9A 0 0 11 2388
9B 0 0 11 2388
9C 0 0 11 2388
9D 0 0 11 2388
9E 0 0 11 2388
9F 0 0 11 2388
A0 0 0 11 2388
A1 0 0 11 2388
A2 0 0 11 2388
A3 0 0 11 2388
A4 0 0 11 2388
A5 0 0 11 2388
A6 0 0 11 2388
A7 0 0 11 2388
A8 0 0 11 2388
A9 0 0 11 2388
AA 0 0 11 2388
AB 0 0 11 2388
AC 0 0 11 2388
AD 0 0 11 2388
AE 0 0 11 2388
AF 0 0 11 2388
B0 0 0 11 2388
B1 0 0 11 2388
B2 0 0 11 2388
B3 0 0 11 2388
B4 0 0 11 2388
B5 0 0 11 2388
B6 0 0 11 2388
B7 0 0 11 2388
B8 0 0 11 2388
B9 0 0 11 2388
BA 0 0 11 2388
BB 0 0 11 2388
BC 0 0 11 2388
BD 0 0 11 2388
BE 0 0 11 2388
BF 0 0 11 2388
C0 0 0 11 2388
C1 0 0 11 2388
C2 0 0 11 2388
C3 0 0 11 2388
C4 0 0 11 2388
C5 0 0 11 2388
C6 0 0 11 2388
C7 0 0 11 2388
C8 0 0 11 2388
C9 0 0 11 2388
CA 0 0 11 2388
CB 0 0 11 2388
CC 0 0 11 2388
CD 0 0 11 2388
CE 0 0 11 2388
CF 0 0 11 2388
D0 0 0 11 2388
D1 0 0 11 2388
D2 0 0 11 2388
D3 0 0 11 2388
D4 0 0 11 2388
D5 0 0 11 2388
D6 0 0 11 2388
D7 0 0 11 2388
D8 0 0 11 2388
D9 0 0 11 2388
DA 0 0 11 2388
DB 0 0 11 2388
DC 0 0 11 2388
DD 0 0 11 2388
DE 0 0 11 2388
DF 0 0 11 2388
E0 0 0 11 2388
E1 0 0 11 2388
E2 0 0 11 2388
E3 0 0 11 2388
E4 0 0 11 2388
E5 0 0 11 2388
E6 0 0 11 2388
E7 0 0 11 2388
E8 0 0 11 2388
E9 0 0 11 2388
EA 0 0 11 2388
EB 0 0 11 2388
EC 0 0 11 2388
ED 0 0 11 2388
EE 0 0 11 2388
EF 0 0 11 2388
F0 0 0 11 2388
F1 0 0 11 2388
F2 0 0 11 2388
F3 0 0 11 2388
F4 0 0 11 2388
F5 0 0 11 2388
F6 0 0 11 2388
F7 0 0 11 2388
F8 0 0 11 2388
F9 0 0 11 2388
FA 0 0 11 2388
00 0 0 11 2388
01 0 0 11 2388
02 0 0 11 2388
03 0 0 11 2388
04 0 0 11 2388
05 0 0 11 2388
06 0 0 11 2388
07 0 0 11 2388
08 0 0 11 2388
09 0 0 11 2388
0A 0 0 11 2388
0B 0 0 11 2388
0C 0 0 11 2388
0D 0 0 11 2388
0E 0 0 11 2388
0F 0 0 11 2388
10 0 0 11 2388
11 0 0 11 2388
12 0 0 11 2388
13 0 0 11 2388
14 0 0 11 2388
15 0 0 11 2388
16 0 0 11 2388
17 0 0 11 2388
18 0 0 11 2388
19 0 0 11 2388
1A 0 0 11 2388
1B 0 0 11 2388
1C 0 0 11 2388
1D 0 0 11 2388
1E 0 0 11 2388
1F 0 0 11 2388
20 0 0 11 2388
21 0 0 11 2388
22 0 0 11 2388
23 0 0 11 2388
24 0 0 11 2388
25 0 0 11 2388
26 0 0 11 2388
27 0 0 11 2388
28 0 0 11 2388
29 0 0 11 2388
2A 0 0 11 2388
2B 0 0 11 2388
2C 0 0 11 2388
2D 0 0 11 2388
2E 0 0 11 2388
2F 0 0 11 2388
30 0 0 11 2388
31 0 0 11 2388
32 0 0 11 2388
33 0 0 11 2388
34 0 0 11 2388
35 0 0 11 2388
36 0 0 11 2388
37 0 0 11 2388
38 0 0 11 2388
39 0 0 11 2388
3A 0 0 11 2388
3B 0 0 11 2388
3C 0 0 11 2388
3D 0 0 11 2388
3E 0 0 11 2388
3F 0 0 11 2388
40 0 0 11 2388
41 0 0 11 2388
42 0 0 11 2388
43 0 0 11 2388
44 0 0 11 2388
45 0 0 11 2388
46 0 0 11 2388
47 0 0 11 2388
48 0 0 11 2388
49 0 0 11 2388
4A 0 0 11 2388
4B 0 0 11 2388
4C 0 0 11 2388
4D 0 0 11 2388
4E 0 0 11 2388
4F 0 0 11 2388
50 0 0 11 2388
51 0 0 11 2388
52 0 0 11 2388
53 0 0 11 2388
54 0 0 11 2388
55 0 0 11 2388
56 0 0 11 2388
57 0 0 11 2388
58 0 0 11 2388
59 0 0 11 2388
5A 0 0 11 2388
5B 0 0 11 2388
5C 0 0 11 2388
5D 0 0 11 2388
5E 0 0 11 2388
5F 0 0 11 2388
60 0 0 11 2388
61 0 0 11 2388
62 0 0 11 2388
63 0 0 11 2388
64 0 0 11 2388
65 0 0 11 2388
66 0 0 11 2388
67 0 0 11 2388
68 0 0 11 2388
69 0 0 11 2388
6A 0 0 11 2388
6B 0 0 11 2388
6C 0 0 11 2388
6D 0 0 11 2388
6E 0 0 11 2388
6F 0 0 11 2388
70 0 0 11 2388
71 0 0 11 2388
72 0 0 11 2388
73 0 0 11 2388
74 0 0 11 2388
75 0 0 11 2388
76 0 0 11 2388
77 0 0 11 2388
78 0 0 11 2388
79 0 0 11 2388
7A 0 0 11 2388
7B 0 0 11 2388
7C 0 0 11 2388
7D 0 0 11 2388
7E 0 0 11 2388
7F 0 0 11 2388
80 0 0 11 2388
81 0 0 11 2388
82 0 0 11 2388
83 0 0 11 2388
84 0 0 11 2388
85 0 0 11 2388
86 0 0 11 2388
87 0 0 11 2388
88 0 0 11 2388
89 0 0 11 2388
8A 0 0 11 2388
8B 0 0 11 2388
8C 0 0 11 2388
8D 0 0 11 2388
8E 0 0 11 2388
8F 0 0 11 2388
90 0 0 11 2388
91 0 0 11 2388
92 0 0 11 2388
93 0 0 11 2388
94 0 0 11 2388
95 0 0 11 2388
96 0 0 11 2388
97 0 0 11 2388
98 0 0 11 2388
99 0 0 11 2388
9A 0 0 11 2388
9B 0 0 11 2388
9C 0 0 11 2388
9D 0 0 11 2388
9E 0 0 11 2388
9F 0 0 11 2388
A0 0 0 11 2388
A1 0 0 11 2388
A2 0 0 11 2388
A3 0 0 11 2388
A4 0 0 11 2388
A5 0 0 11 2388
A6 0 0 11 2388
A7 0 0 11 2388
A8 0 0 11 2388
A9 0 0 11 2388
AA 0 0 11 2388
AB 0 0 11 2388
AC 0 0 11 2388
AD 0 0 11 2388
AE 0 0 11 2388
AF 0 0 11 2388
B0 0 0 11 2388
B1 0 0 11 2388
B2 0 0 11 2388
B3 0 0 11 2388
B4 0 0 11 2388
B5 0 0 11 2388
B6 0 0 11 2388
B7 0 0 11 2388
B8 0 0 11 2388
B9 0 0 11 2388
BA 0 0 11 2388
BB 0 0 11 2388
BC 0 0 11 2388
BD 0 0 11 2388
BE 0 0 11 2388
BF 0 0 11 2388
C0 0 0 11 2388
C1 0 0 11 2388
C2 0 0 11 2388
C3 0 0 11 2388
C4 0 0 11 2388
C5 0 0 11 2388
C6 0 0 11 2388
C7 0 0 11 2388
C8 0 0 11 2388
C9 0 0 11 2388
CA 0 0 11 2388
CB 0 0 11 2388
CC 0 0 11 2388
CD 0 0 11 2388
CE 0 0 11 2388
CF 0 0 11 2388
D0 0 0 11 2388
D1 0 0 11 2388
D2 0 0 11 2388
D3 0 0 11 2388
D4 0 0 11 2388
D5 0 0 11 2388
D6 0 0 11 2388
D7 0 0 11 2388
D8 0 0 11 2388
D9 0 0 11 2388
DA 0 0 11 2388
DB 0 0 11 2388
DC 0 0 11 2388
DD 0 0 11 2388
DE 0 0 11 2388
DF 0 0 11 2388
E0 0 0 11 2388
E1 0 0 11 2388
E2 0 0 11 2388
E3 0 0 11 2388
E4 0 0 11 2388
E5 0 0 11 2388
E6 0 0 11 2388
E7 0 0 11 2388
E8 0 0 11 2388
E9 0 0 11 2388
EA 0 0 11 2388
EB 0 0 11 2388
EC 0 0 11 2388
ED 0 0 11 2388
EE 0 0 11 2388
EF 0 0 11 2388
F0 0 0 11 2388
F1 0 0 11 2388
F2 0 0 11 2388
F3 0 0 11 2388
F4 0 0 11 2388
F5 0 0 11 2388
F6 0 0 11 2388
F7 0 0 11 2388
F8 0 0 11 2388
F9 0 0 11 2388
FA 0 0 11 2388
00 0 0 11 2388
01 0 0 11 2388
02 0 0 11 2388
03 0 0 11 2388
04 0 0 11 2388
05 0 0 11 2388
06 0 0 11 2388
07 0 0 11 2388
08 0 0 11 2388
09 0 0 11 2388
0A 0 0 11 2388
0B 0 0 11 2388
0C 0 0 11 2388
0D 0 0 11 2388
0E 0 0 11 2388
0F 0 0 11 2388
10 0 0 11 2388
11 0 0 11 2388
12 0 0 11 2388
13 0 0 11 2388
14 0 0 11 2388
15 0 0 11 2388
16 0 0 11 2388
17 0 0 11 2388
18 0 0 11 2388
19 0 0 11 2388
1A 0 0 11 2388
1B 0 0 11 2388
1C 0 0 11 2388
1D 0 0 11 2388
1E 0 0 11 2388
1F 0 0 11 2388
20 0 0 11 2388
21 0 0 11 2388
22 0 0 11 2388
23 0 0 11 2388
24 0 0 11 2388
25 0 0 11 2388
26 0 0 11 2388
27 0 0 11 2388
28 0 0 11 2388
29 0 0 11 2388
2A 0 0 11 2388
2B 0 0 11 2388
2C 0 0 11 2388
2D 0 0 11 2388
2E 0 0 11 2388
2F 0 0 11 2388
30 0 0 11 2388
31 0 0 11 2388
32 0 0 11 2388
33 0 0 11 2388
34 0 0 11 2388
35 0 0 11 2388
36 0 0 11 2388
37 0 0 11 2388
38 0 0 11 2388
39 0 0 11 2388
3A 0 0 11 2388
3B 0 0 11 2388
3C 0 0 11 2388
3D 0 0 11 2388
3E 0 0 11 2388
3F 0 0 11 2388
40 0 0 11 2388
41 0 0 11 2388
42 0 0 11 2388
43 0 0 11 2388
44 0 0 11 2388
45 0 0 11 2388
46 0 0 11 2388
47 0 0 11 2388
48 0 0 11 2388
49 0 0 11 2388
4A 0 0 11 2388
4B 0 0 11 2388
4C 0 0 11 2388
4D 0 0 11 2388
4E 0 0 11 2388
4F 0 0 11 2388
50 0 0 11 2388
51 0 0 11 2388
52 0 0 11 2388
53 0 0 11 2388
54 0 0 11 2388
55 0 0 11 2388
56 0 0 11 2388
57 0 0 11 2388
58 0 0 11 2388
59 0 0 11 2388
5A 0 0 11 2388
5B 0 0 11 2388
5C 0 0 11 2388
5D 0 0 11 2388
5E 0 0 11 2388
5F 0 0 11 2388
60 0 0 11 2388
61 0 0 11 2388
62 0 0 11 2388
63 0 0 11 2388
64 0 0 11 2388
65 0 0 11 2388
66 0 0 11 2388
67 0 0 11 2388
68 0 0 11 2388
69 0 0 11 2388
6A 0 0 11 2388
6B 0 0 11 2388
6C 0 0 11 2388
6D 0 0 11 2388
6E 0 0 11 2388
6F 0 0 11 2388
70 0 0 11 2388
71 0 0 11 2388
72 0 0 11 2388
73 0 0 11 2388
74 0 0 11 2388
75 0 0 11 2388
76 0 0 11 2388
77 0 0 11 2388
78 0 0 11 2388
79 0 0 11 2388
7A 0 0 11 2388
7B 0 0 11 2388
7C 0 0 11 2388
7D 0 0 11 2388
7E 0 0 11 2388
7F 0 0 11 2388
80 0 0 11 2388
81 0 0 11 2388
82 0 0 11 2388
83 0 0 11 2388
84 0 0 11 2388
85 0 0 11 2388
86 0 0 11 2388
87 0 0 11 2388
88 0 0 11 2388
89 0 0 11 2388
8A 0 0 11 2388
8B 0 0 11 2388
8C 0 0 11 2388
8D 0 0 11 2388
8E 0 0 11 2388
8F 0 0 11 2388
90 0 0 11 2388
91 0 0 11 2388
92 0 0 11 2388
93 0 0 11 2388
94 0 0 11 2388
95 0 0 11 2388
96 0 0 11 2388
97 0 0 11 2388
98 0 0 11 2388
99 0 0 11 2388
9A 0 0 11 2388
9B 0 0 11 2388
9C 0 0 11 2388
9D 0 0 11 2388
9E 0 0 11 2388
9F 0 0 11 2388
A0 0 0 11 2388
A1 0 0 11 2388
A2 0 0 11 2388
A3 0 0 11 2388
A4 0 0 11 2388
A5 0 0 11 2388
A6 0 0 11 2388
A7 0 0 11 2388
A8 0 0 11 2388
A9 0 0 11 2388
AA 0 0 11 2388
AB 0 0 11 2388
AC 0 0 11 2388
AD 0 0 11 2388
AE 0 0 11 2388
AF 0 0 11 2388
B0 0 0 11 2388
B1 0 0 11 2388
B2 0 0 11 2388
B3 0 0 11 2388
B4 0 0 11 2388
B5 0 0 11 2388
B6 0 0 11 2388
B7 0 0 11 2388
B8 0 0 11 2388
B9 0 0 11 2388
BA 0 0 11 2388
BB 0 0 11 2388
BC 0 0 11 2388
BD 0 0 11 2388
BE 0 0 11 2388
BF 0 0 11 2388
C0 0 0 11 2388
C1 0 0 11 2388
C2 0 0 11 2388
C3 0 0 11 2388
C4 0 0 11 2388
C5 0 0 11 2388
C6 0 0 11 2388
C7 0 0 11 2388
C8 0 0 11 2388
C9 0 0 11 2388
CA 0 0 11 2388
CB 0 0 11 2388
CC 0 0 11 2388
CD 0 0 11 2388
CE 0 0 11 2388
CF 0 0 11 2388
D0 0 0 11 2388
D1 0 0 11 2388
D2 0 0 11 2388
D3 0 0 11 2388
D4 0 0 11 2388
D5 0 0 11 2388
D6 0 0 11 2388
D7 0 0 11 2388
D8 0 0 11 2388
D9 0 0 11 2388
DA 0 0 11 2388
DB 0 0 11 2388
DC 0 0 11 2388
DD 0 0 11 2388
DE 0 0 11 2388
DF 0 0 11 2388
E0 0 0 11 2388
E1 0 0 11 2388
E2 0 0 11 2388
E3 0 0 11 2388
E4 0 0 11 2388
E5 0 0 11 2388
E6 0 0 11 2388
E7 0 0 11 2388
E8 0 0 11 2388
E9 0 0 11 2388
EA 0 0 11 2388
EB 0 0 11 2388
EC 0 0 11 2388
ED 0 0 11 2388
EE 0 0 11 2388
EF 0 0 11 2388
F0 0 0 11 2388
F1 0 0 11 2388
F2 0 0 11 2388
F3 0 0 11 2388
F4 0 0 11 2388
F5 0 0 11 2388
F6 0 0 11 2388
F7 0 0 11 2388
F8 0 0 11 2388
F9 0 0 11 2388
FA 0 0 11 2388
00 0 0 11 2388
01 0 0 11 2388
02 0 0 11 2388
03 0 0 11 2388
04 0 0 11 2388
05 0 0 11 2388
06 0 0 11 2388
07 0 0 11 2388
08 0 0 11 2388
09 0 0 11 2388
0A 0 0 11 2388
0B 0 0 11 2388
0C 0 0 11 2388
0D 0 0 11 2388
0E 0 0 11 2388
0F 0 0 11 2388
10 0 0 11 2388
11 0 0 11 2388
12 0 0 11 2388
13 0 0 11 2388
14 0 0 11 2388
15 0 0 11 2388
16 0 0 11 2388
17 0 0 11 2388
18 0 0 11 2388
19 0 0 11 2388
1A 0 0 11 2388
1B 0 0 11 2388
1C 0 0 11 2388
1D 0 0 11 2388
1E 0 0 11 2388
1F 0 0 11 2388
20 0 0 11 2388
21 0 0 11 2388
22 0 0 11 2388
23 0 0 11 2388
24 0 0 11 2388
25 0 0 11 2388
26 0 0 11 2388
27 0 0 11 2388
28 0 0 11 2388
29 0 0 11 2388
2A 0 0 11 2388
2B 0 0 11 2388
2C 0 0 11 2388
2D 0 0 11 2388
2E 0 0 11 2388
2F 0 0 11 2388
30 0 0 11 2388
31 0 0 11 2388
32 0 0 11 2388
33 0 0 11 2388
34 0 0 11 2388
35 0 0 11 2388
36 0 0 11 2388
37 0 0 11 2388
38 0 0 11 2388
39 0 0 11 2388
3A 0 0 11 2388
3B 0 0 11 2388
3C 0 0 11 2388
3D 0 0 11 2388
3E 0 0 11 2388
3F 0 0 11 2388
40 0 0 11 2388
41 0 0 11 2388
42 0 0 11 2388
43 0 0 11 2388
44 0 0 11 2388
45 0 0 11 2388
46 0 0 11 2388
47 0 0 11 2388
48 0 0 11 2388
49 0 0 11 2388
4A 0 0 11 2388
4B 0 0 11 2388
4C 0 0 11 2388
4D 0 0 11 2388
4E 0 0 11 2388
4F 0 0 11 2388
50 0 0 11 2388
51 0 0 11 2388
52 0 0 11 2388
53 0 0 11 2388
54 0 0 11 2388
55 0 0 11 2388
56 0 0 11 2388
57 0 0 11 2388
58 0 0 11 2388
59 0 0 11 2388
5A 0 0 11 2388
5B 0 0 11 2388
5C 0 0 11 2388
5D 0 0 11 2388
5E 0 0 11 2388
5F 0 0 11 2388
60 0 0 11 2388
61 0 0 11 2388
62 0 0 11 2388
63 0 0 11 2388
64 0 0 11 2388
65 0 0 11 2388
66 0 0 11 2388
67 0 0 11 2388
68 0 0 11 2388
69 0 0 11 2388
6A 0 0 11 2388
6B 0 0 11 2388
6C 0 0 11 2388
6D 0 0 11 2388
6E 0 0 11 2388
6F 0 0 11 2388
70 0 0 11 2388
71 0 0 11 2388
72 0 0 11 2388
73 0 0 11 2388
74 0 0 11 2388
75 0 0 11 2388
76 0 0 11 2388
77 0 0 11 2388
78 0 0 11 2388
79 0 0 11 2388
7A 0 0 11 2388
7B 0 0 11 2388
7C 0 0 11 2388
7D 0 0 11 2388
7E 0 0 11 2388
7F 0 0 11 2388
80 0 0 11 2388
81 0 0 11 2388
82 0 0 11 2388
83 0 0 11 2388
84 0 0 11 2388
85 0 0 11 2388
86 0 0 11 2388
87 0 0 11 2388
88 0 0 11 2388
89 0 0 11 2388
8A 0 0 11 2388
8B 0 0 11 2388
8C 0 0 11 2388
8D 0 0 11 2388
8E 0 0 11 2388
8F 0 0 11 2388
90 0 0 11 2388
91 0 0 11 2388
92 0 0 11 2388
93 0 0 11 2388
94 0 0 11 2388
95 0 0 11 2388
96 0 0 11 2388
97 0 0 11 2388
98 0 0 11 2388
99 0 0 11 2388
9A 0 0 11 2388
9B 0 0 11 2388
9C 0 0 11 2388
9D 0 0 11 2388
9E 0 0 11 2388
9F 0 0 11 2388
A0 0 0 11 2388
A1 0 0 11 2388
A2 0 0 11 2388
A3 0 0 11 2388
A4 0 0 11 2388
A5 0 0 11 2388
A6 0 0 11 2388
A7 0 0 11 2388
A8 0 0 11 2388
A9 0 0 11 2388
AA 0 0 11 2388
AB 0 0 11 2388
AC 0 0 11 2388
AD 0 0 11 2388
AE 0 0 11 2388
AF 0 0 11 2388
B0 0 0 11 2388
B1 0 0 11 2388
B2 0 0 11 2388
B3 0 0 11 2388
B4 0 0 11 2388
B5 0 0 11 2388
B6 0 0 11 2388
B7 0 0 11 2388
B8 0 0 11 2388
B9 0 0 11 2388
BA 0 0 11 2388
BB 0 0 11 2388
BC 0 0 11 2388
BD 0 0 11 2388
BE 0 0 11 2388
BF 0 0 11 2388
C0 0 0 11 2388
C1 0 0 11 2388
C2 0 0 11 2388
C3 0 0 11 2388
C4 0 0 11 2388
C5 0 0 11 2388
C6 0 0 11 2388
C7 0 0 11 2388
C8 0 0 11 2388
C9 0 0 11 2388
CA 0 0 11 2388
CB 0 0 11 2388
CC 0 0 11 2388
CD 0 0 11 2388
CE 0 0 11 2388
CF 0 0 11 2388
D0 0 0 11 2388
D1 0 0 11 2388
D2 0 0 11 2388
D3 0 0 11 2388
D4 0 0 11 2388
D5 0 0 11 2388
D6 0 0 11 2388
D7 0 0 11 2388
D8 0 0 11 2388
D9 0 0 11 2388
DA 0 0 11 2388
DB 0 0 11 2388
DC 0 0 11 2388
DD 0 0 11 2388
DE 0 0 11 2388
DF 0 0 11 2388
E0 0 0 11 2388
E1 0 0 11 2388
E2 0 0 11 2388
E3 0 0 11 2388
E4 0 0 11 2388
E5 0 0 11 2388
E6 0 0 11 2388
E7 0 0 11 2388
E8 0 0 11 2388
E9 0 0 11 2388
EA 0 0 11 2388
EB 0 0 11 2388
EC 0 0 11 2388
ED 0 0 11 2388
EE 0 0 11 2388
EF 0 0 11 2388
F0 0 0 11 2388
F1 0 0 11 2388
F2 0 0 11 2388
F3 0 0 11 2388
F4 0 0 11 2388
F5 0 0 11 2388
F6 0 0 11 2388
F7 0 0 11 2388
F8 0 0 11 2388
F9 0 0 11 2388
FA 0 0 11 2388
00 0 0 11 2388
01 0 0 11 2388
02 0 0 11 2388
03 0 0 11 2388
04 0 0 11 2388
05 0 0 11 2388
06 0 0 11 2388
07 0 0 11 2388
08 0 0 11 2388
09 0 0 11 2388
0A 0 0 11 2388
0B 0 0 11 2388
0C 0 0 11 2388
0D 0 0 11 2388
0E 0 0 11 2388
0F 0 0 11 2388
10 0 0 11 2388
11 0 0 11 2388
12 0 0 11 2388
13 0 0 11 2388
14 0 0 11 2388
15 0 0 11 2388
16 0 0 11 2388
17 0 0 11 2388
18 0 0 11 2388
19 0 0 11 2388
1A 0 0 11 2388
1B 0 0 11 2388
1C 0 0 11 2388
1D 0 0 11 2388
1E 0 0 11 2388
1F 0 0 11 2388
20 0 0 11 2388
21 0 0 11 2388
22 0 0 11 2388
23 0 0 11 2388
24 0 0 11 2388
25 0 0 11 2388
26 0 0 11 2388
27 0 0 11 2388
28 0 0 11 2388
29 0 0 11 2388
2A 0 0 11 2388
2B 0 0 11 2388
2C 0 0 11 2388
2D 0 0 11 2388
2E 0 0 11 2388
2F 0 0 11 2388
30 0 0 11 2388
31 0 0 11 2388
32 0 0 11 2388
33 0 0 11 2388
34 0 0 11 2388
35 0 0 11 2388
36 0 0 11 2388
37 0 0 11 2388
38 0 0 11 2388
39 0 0 11 2388
3A 0 0 11 2388
3B 0 0 11 2388
3C 0 0 11 2388
3D 0 0 11 2388
3E 0 0 11 2388
3F 0 0 11 2388
40 0 0 11 2388
41 0 0 11 2388
42 0 0 11 2388
43 0 0 11 2388
44 0 0 11 2388
45 0 0 11 2388
46 0 0 11 2388
47 0 0 11 2388
48 0 0 11 2388
49 0 0 11 2388
4A 0 0 11 2388
4B 0 0 11 2388
4C 0 0 11 2388
4D 0 0 11 2388
4E 0 0 11 2388
4F 0 0 11 2388
50 0 0 11 2388
51 0 0 11 2388
52 0 0 11 2388
53 0 0 11 2388
54 0 0 11 2388
55 0 0 11 2388
56 0 0 11 2388
57 0 0 11 2388
58 0 0 11 2388
59 0 0 11 2388
5A 0 0 11 2388
5B 0 0 11 2388
5C 0 0 11 2388
5D 0 0 11 2388
5E 0 0 11 2388
5F 0 0 11 2388
60 0 0 11 2388
61 0 0 11 2388
62 0 0 11 2388
63 0 0 11 2388
64 0 0 11 2388
65 0 0 11 2388
66 0 0 11 2388
67 0 0 11 2388
68 0 0 11 2388
69 0 0 11 2388
6A 0 0 11 2388
6B 0 0 11 2388
6C 0 0 11 2388
6D 0 0 11 2388
6E 0 0 11 2388
6F 0 0 11 2388
70 0 0 11 2388
71 0 0 11 2388
72 0 0 11 2388
73 0 0 11 2388
74 0 0 11 2388
75 0 0 11 2388
76 0 0 11 2388
77 0 0 11 2388
78 0 0 11 2388
79 0 0 11 2388
7A 0 0 11 2388
7B 0 0 11 2388
7C 0 0 11 2388
7D 0 0 11 2388
7E 0 0 11 2388
7F 0 0 11 2388
80 0 0 11 2388
81 0 0 11 2388
82 0 0 11 2388
83 0 0 11 2388
84 0 0 11 2388
85 0 0 11 2388
86 0 0 11 2388
87 0 0 11 2388
88 0 0 11 2388
89 0 0 11 2388
8A 0 0 11 2388
8B 0 0 11 2388
8C 0 0 11 2388
8D 0 0 11 2388
8E 0 0 11 2388
8F 0 0 11 2388
90 0 0 11 2388
91 0 0 11 2388
92 0 0 11 2388
93 0 0 11 2388
94 0 0 11 2388
95 0 0 11 2388
96 0 0 11 2388
97 0 0 11 2388
98 0 0 11 2388
99 0 0 11 2388
9A 0 0 11 2388
9B 0 0 11 2388
9C 0 0 11 2388
9D 0 0 11 2388
9E 0 0 11 2388
9F 0 0 11 2388
A0 0 0 11 2388
A1 0 0 11 2388
A2 0 0 11 2388
A3 0 0 11 2388
A4 0 0 11 2388
A5 0 0 11 2388
A6 0 0 11 2388
A7 0 0 11 2388
A8 0 0 11 2388
A9 0 0 11 2388
AA 0 0 11 2388
AB 0 0 11 2388
AC 0 0 11 2388
AD 0 0 11 2388
AE 0 0 11 2388
AF 0 0 11 2388
B0 0 0 11 2388
B1 0 0 11 2388
B2 0 0 11 2388
B3 0 0 11 2388
B4 0 0 11 2388
B5 0 0 11 2388
B6 0 0 11 2388
B7 0 0 11 2388
B8 0 0 11 2388
B9 0 0 11 2388
BA 0 0 11 2388
BB 0 0 11 2388
BC 0 0 11 2388
BD 0 0 11 2388
BE 0 0 11 2388
BF 0 0 11 2388
C0 0 0 11 2388
C1 0 0 11 2388
C2 0 0 11 2388
C3 0 0 11 2388
C4 0 0 11 2388
C5 0 0 11 2388
C6 0 0 11 2388
C7 0 0 11 2388
C8 0 0 11 2388
C9 0 0 11 2388
CA 0 0 11 2388
CB 0 0 11 2388
CC 0 0 11 2388
CD 0 0 11 2388
CE 0 0 11 2388
CF 0 0 11 2388
D0 0 0 11 2388
D1 0 0 11 2388
D2 0 0 11 2388
D3 0 0 11 2388
D4 0 0 11 2388
D5 0 0 11 2388
D6 0 0 11 2388
D7 0 0 11 2388
D8 0 0 11 2388
D9 0 0 11 2388
DA 0 0 11 2388
DB 0 0 11 2388
DC 0 0 11 2388
DD 0 0 11 2388
DE 0 0 11 2388
DF 0 0 11 2388
E0 0 0 11 2388
E1 0 0 11 2388
E2 0 0 11 2388
E3 0 0 11 2388
E4 0 0 11 2388
E5 0 0 11 2388
E6 0 0 11 2388
E7 0 0 11 2388
E8 0 0 11 2388
E9 0 0 11 2388
EA 0 0 11 2388
EB 0 0 11 2388
EC 0 0 11 2388
ED 0 0 11 2388
EE 0 0 11 2388
EF 0 0 11 2388
F0 0 0 11 2388
F1 0 0 11 2388
F2 0 0 11 2388
F3 0 0 11 2388
F4 0 0 11 2388
F5 0 0 11 2388
F6 0 0 11 2388
F7 0 0 11 2388
F8 0 0 11 2388
F9 0 0 11 2388
FA 0 0 11 2388
00 0 0 11 2388
01 0 0 11 2388
02 0 0 11 2388
03 0 0 11 2388
04 0 0 11 2388
05 0 0 11 2388
06 0 0 11 2388
07 0 0 11 2388
08 0 0 11 2388
09 0 0 11 2388
0A 0 0 11 2388
0B 0 0 11 2388
0C 0 0 11 2388
0D 0 0 11 2388
0E 0 0 11 2388
0F 0 0 11 2388
10 0 0 11 2388
11 0 0 11 2388
12 0 0 11 2388
13 0 0 11 2388
14 0 0 11 2388
15 0 0 11 2388
16 0 0 11 2388
17 0 0 11 2388
18 0 0 11 2388
19 0 0 11 2388
1A 0 0 11 2388
1B 0 0 11 2388
1C 0 0 11 2388
1D 0 0 11 2388
1E 0 0 11 2388
1F 0 0 11 2388
20 0 0 11 2388
21 0 0 11 2388
22 0 0 11 2388
23 0 0 11 2388
24 0 0 11 2388
25 0 0 11 2388
26 0 0 11 2388
27 0 0 11 2388
28 0 0 11 2388
29 0 0 11 2388
2A 0 0 11 2388
2B 0 0 11 2388
2C 0 0 11 2388
2D 0 0 11 2388
2E 0 0 11 2388
2F 0 0 11 2388
30 0 0 11 2388
31 0 0 11 2388
32 0 0 11 2388
33 0 0 11 2388
34 0 0 11 2388
35 0 0 11 2388
36 0 0 11 2388
37 0 0 11 2388
38 0 0 11 2388
39 0 0 11 2388
3A 0 0 11 2388
3B 0 0 11 2388
3C 0 0 11 2388
3D 0 0 11 2388
3E 0 0 11 2388
3F 0 0 11 2388
40 0 0 11 2388
41 0 0 11 2388
42 0 0 11 2388
43 0 0 11 2388
44 0 0 11 2388
45 0 0 11 2388
46 0 0 11 2388
47 0 0 11 2388
48 0 0 11 2388
49 0 0 11 2388
4A 0 0 11 2388
4B 0 0 11 2388
4C 0 0 11 2388
4D 0 0 11 2388
4E 0 0 11 2388
4F 0 0 11 2388
50 0 0 11 2388
51 0 0 11 2388
52 0 0 11 2388
53 0 0 11 2388
54 0 0 11 2388
55 0 0 11 2388
56 0 0 11 2388
57 0 0 11 2388
58 0 0 11 2388
59 0 0 11 2388
5A 0 0 11 2388
5B 0 0 11 2388
5C 0 0 11 2388
5D 0 0 11 2388
5E 0 0 11 2388
5F 0 0 11 2388
60 0 0 11 2388
61 0 0 11 2388
62 0 0 11 2388
63 0 0 11 2388
64 0 0 11 2388
65 0 0 11 2388
66 0 0 11 2388
67 0 0 11 2388
68 0 0 11 2388
69 0 0 11 2388
6A 0 0 11 2388
6B 0 0 11 2388
6C 0 0 11 2388
6D 0 0 11 2388
6E 0 0 11 2388
6F 0 0 11 2388
70 0 0 11 2388
71 0 0 11 2388
72 0 0 11 2388
73 0 0 11 2388
74 0 0 11 2388
75 0 0 11 2388
76 0 0 11 2388
77 0 0 11 2388
78 0 0 11 2388
79 0 0 11 2388
7A 0 0 11 2388
7B 0 0 11 2388
7C 0 0 11 2388
7D 0 0 11 2388
7E 0 0 11 2388
7F 0 0 11 2388
80 0 0 11 2388
81 0 0 11 2388
82 0 0 11 2388
83 0 0 11 2388
84 0 0 11 2388
85 0 0 11 2388
86 0 0 11 2388
87 0 0 11 2388
88 0 0 11 2388
89 0 0 11 2388
8A 0 0 11 2388
8B 0 0 11 2388
8C 0 0 11 2388
8D 0 0 11 2388
8E 0 0 11 2388
8F 0 0 11 2388
90 0 0 11 2388
91 0 0 11 2388
92 0 0 11 2388
93 0 0 11 2388
94 0 0 11 2388
95 0 0 11 2388
96 0 0 11 2388
97 0 0 11 2388
98 0 0 11 2388
99 0 0 11 2388
9A 0 0 11 2388
9B 0 0 11 2388
9C 0 0 11 2388
9D 0 0 11 2388
9E 0 0 11 2388
9F 0 0 11 2388
A0 0 0 11 2388
A1 0 0 11 2388
A2 0 0 11 2388
A3 0 0 11 2388
A4 0 0 11 2388
A5 0 0 11 2388
A6 0 0 11 2388
A7 0 0 11 2388
A8 0 0 11 2388
A9 0 0 11 2388
AA 0 0 11 2388
AB 0 0 11 2388
AC 0 0 11 2388
AD 0 0 11 2388
AE 0 0 11 2388
AF 0 0 11 2388
B0 0 0 11 2388
B1 0 0 11 2388
B2 0 0 11 2388
B3 0 0 11 2388
B4 0 0 11 2388
B5 0 0 11 2388
B6 0 0 11 2388
B7 0 0 11 2388
B8 0 0 11 2388
B9 0 0 11 2388
BA 0 0 11 2388
BB 0 0 11 2388
BC 0 0 11 2388
BD 0 0 11 2388
BE 0 0 11 2388
BF 0 0 11 2388
C0 0 0 11 2388
C1 0 0 11 2388
C2 0 0 11 2388
C3 0 0 11 2388
C4 0 0 11 2388
C5 0 0 11 2388
C6 0 0 11 2388
C7 0 0 11 2388
C8 0 0 11 2388
C9 0 0 11 2388
CA 0 0 11 2388
CB 0 0 11 2388
CC 0 0 11 2388
CD 0 0 11 2388
CE 0 0 11 2388
CF 0 0 11 2388
D0 0 0 11 2388
D1 0 0 11 2388
D2 0 0 11 2388
D3 0 0 11 2388
D4 0 0 11 2388
D5 0 0 11 2388
D6 0 0 11 2388
D7 0 0 11 2388
D8 0 0 11 2388
D9 0 0 11 2388
DA 0 0 11 2388
DB 0 0 11 2388
DC 0 0 11 2388
DD 0 0 11 2388
DE 0 0 11 2388
DF 0 0 11 2388
E0 0 0 11 2388
E1 0 0 11 2388
E2 0 0 11 2388
E3 0 0 11 2388
E4 0 0 11 2388
E5 0 0 11 2388
E6 0 0 11 2388
E7 0 0 11 2388
E8 0 0 11 2388
E9 0 0 11 2388
EA 0 0 11 2388
EB 0 0 11 2388
EC 0 0 11 2388
ED 0 0 11 2388
EE 0 0 11 2388
EF 0 0 11 2388
F0 0 0 11 2388
F1 0 0 11 2388
F2 0 0 11 2388
F3 0 0 11 2388
F4 0 0 11 2388
F5 0 0 11 2388
F6 0 0 11 2388
F7 0 0 11 2388
F8 0 0 11 2388
F9 0 0 11 2388
FA 0 0 11 2388
00 0 0 11 2388
01 0 0 11 2388
02 0 0 11 2388
03 1 1 11 2388
D6 0 0 12 4141
D7 0 0 12 4141
D8 0 0 12 4141
D9 0 0 12 4141
DA 0 0 12 4141
DB 0 0 12 4141
DC 0 0 12 4141
DD 0 0 12 4141
DE 0 0 12 4141
DF 0 0 12 4141
E0 0 0 12 4141
E1 0 0 12 4141
E2 0 0 12 4141
E3 0 0 12 4141
E4 0 0 12 4141
E5 0 0 12 4141
E6 0 0 12 4141
E7 0 0 12 4141
E8 0 0 12 4141
E9 0 0 12 4141
EA 0 0 12 4141
EB 0 0 12 4141
EC 0 0 12 4141
ED 0 0 12 4141
EE 0 0 12 4141
EF 0 0 12 4141
F0 0 0 12 4141
F1 0 0 12 4141
F2 0 0 12 4141
F3 0 0 12 4141
F4 0 0 12 4141
F5 0 0 12 4141
F6 0 0 12 4141
F7 0 0 12 4141
F8 0 0 12 4141
F9 0 0 12 4141
FA 0 0 12 4141
00 0 0 12 4141
01 0 0 12 4141
02 0 0 12 4141
03 0 0 12 4141
04 0 0 12 4141
05 0 0 12 4141
06 0 0 12 4141
07 0 0 12 4141
08 0 0 12 4141
09 0 0 12 4141
0A 0 0 12 4141
0B 0 0 12 4141
0C 0 0 12 4141
0D 0 0 12 4141
0E 0 0 12 4141
0F 0 0 12 4141
10 0 0 12 4141
11 0 0 12 4141
12 0 0 12 4141
13 0 0 12 4141
14 0 0 12 4141
15 0 0 12 4141
16 0 0 12 4141
17 0 0 12 4141
18 0 0 12 4141
19 0 0 12 4141
1A 0 0 12 4141
1B 0 0 12 4141
1C 0 0 12 4141
1D 0 0 12 4141
1E 0 0 12 4141
1F 0 0 12 4141
20 0 0 12 4141
21 0 0 12 4141
22 0 0 12 4141
23 0 0 12 4141
24 0 0 12 4141
25 0 0 12 4141
26 0 0 12 4141
27 0 0 12 4141
28 0 0 12 4141
29 0 0 12 4141
2A 0 0 12 4141
2B 0 0 12 4141
2C 0 0 12 4141
2D 0 0 12 4141
2E 0 0 12 4141
2F 0 0 12 4141
30 0 0 12 4141
31 0 0 12 4141
32 0 0 12 4141
33 0 0 12 4141
34 0 0 12 4141
35 0 0 12 4141
36 0 0 12 4141
37 0 0 12 4141
38 0 0 12 4141
39 0 0 12 4141
3A 0 0 12 4141
3B 0 0 12 4141
3C 0 0 12 4141
3D 0 0 12 4141
3E 0 0 12 4141
3F 0 0 12 4141
40 0 0 12 4141
41 0 0 12 4141
42 0 0 12 4141
43 0 0 12 4141
44 0 0 12 4141
45 0 0 12 4141
46 0 0 12 4141
47 0 0 12 4141
48 0 0 12 4141
49 0 0 12 4141
4A 0 0 12 4141
4B 0 0 12 4141
4C 0 0 12 4141
4D 0 0 12 4141
4E 0 0 12 4141
4F 0 0 12 4141
50 0 0 12 4141
51 0 0 12 4141
52 0 0 12 4141
53 0 0 12 4141
54 0 0 12 4141
55 0 0 12 4141
56 0 0 12 4141
57 0 0 12 4141
58 0 0 12 4141
59 0 0 12 4141
5A 0 0 12 4141
5B 0 0 12 4141
5C 0 0 12 4141
5D 0 0 12 4141
5E 0 0 12 4141
5F 0 0 12 4141
60 0 0 12 4141
61 0 0 12 4141
62 0 0 12 4141
63 0 0 12 4141
64 0 0 12 4141
65 0 0 12 4141
66 0 0 12 4141
67 0 0 12 4141
68 0 0 12 4141
69 0 0 12 4141
6A 0 0 12 4141
6B 0 0 12 4141
6C 0 0 12 4141
6D 0 0 12 4141
6E 0 0 12 4141
6F 0 0 12 4141
70 0 0 12 4141
71 0 0 12 4141
72 0 0 12 4141
73 0 0 12 4141
74 0 0 12 4141
75 0 0 12 4141
76 0 0 12 4141
77 0 0 12 4141
78 0 0 12 4141
79 0 0 12 4141
7A 0 0 12 4141
7B 0 0 12 4141
7C 0 0 12 4141
7D 0 0 12 4141
7E 0 0 12 4141
7F 0 0 12 4141
80 0 0 12 4141
81 0 0 12 4141
82 0 0 12 4141
83 0 0 12 4141
84 0 0 12 4141
85 0 0 12 4141
86 0 0 12 4141
87 0 0 12 4141
88 0 0 12 4141
89 0 0 12 4141
8A 0 0 12 4141
8B 0 0 12 4141
8C 0 0 12 4141
8D 0 0 12 4141
8E 0 0 12 4141
8F 0 0 12 4141
90 0 0 12 4141
91 0 0 12 4141
92 0 0 12 4141
93 0 0 12 4141
94 0 0 12 4141
95 0 0 12 4141
96 0 0 12 4141
97 0 0 12 4141
98 0 0 12 4141
99 0 0 12 4141
9A 0 0 12 4141
9B 0 0 12 4141
9C 0 0 12 4141
9D 0 0 12 4141
9E 0 0 12 4141
9F 0 0 12 4141
A0 0 0 12 4141
A1 0 0 12 4141
A2 0 0 12 4141
A3 0 0 12 4141
A4 0 0 12 4141
A5 0 0 12 4141
A6 0 0 12 4141
A7 0 0 12 4141
A8 0 0 12 4141
A9 0 0 12 4141
AA 0 0 12 4141
AB 0 0 12 4141
AC 0 0 12 4141
AD 0 0 12 4141
AE 0 0 12 4141
AF 0 0 12 4141
B0 0 0 12 4141
B1 0 0 12 4141
B2 0 0 12 4141
B3 0 0 12 4141
B4 0 0 12 4141
B5 0 0 12 4141
B6 0 0 12 4141
B7 0 0 12 4141
B8 0 0 12 4141
B9 0 0 12 4141
BA 0 0 12 4141
BB 0 0 12 4141
BC 0 0 12 4141
BD 0 0 12 4141
BE 0 0 12 4141
BF 0 0 12 4141
C0 0 0 12 4141
C1 0 0 12 4141
C2 0 0 12 4141
C3 0 0 12 4141
C4 0 0 12 4141
C5 0 0 12 4141
C6 0 0 12 4141
C7 0 0 12 4141
C8 0 0 12 4141
C9 0 0 12 4141
CA 0 0 12 4141
CB 0 0 12 4141
CC 0 0 12 4141
CD 0 0 12 4141
CE 0 0 12 4141
CF 0 0 12 4141
D0 0 0 12 4141
D1 0 0 12 4141
D2 0 0 12 4141
D3 0 0 12 4141
D4 0 0 12 4141
D5 0 0 12 4141
D6 0 0 12 4141
D7 0 0 12 4141
D8 0 0 12 4141
D9 0 0 12 4141
DA 0 0 12 4141
DB 0 0 12 4141
DC 0 0 12 4141
DD 0 0 12 4141
DE 0 0 12 4141
DF 0 0 12 4141
E0 0 0 12 4141
E1 0 0 12 4141
E2 0 0 12 4141
E3 0 0 12 4141
E4 0 0 12 4141
E5 0 0 12 4141
E6 0 0 12 4141
E7 0 0 12 4141
E8 0 0 12 4141
E9 0 0 12 4141
EA 0 0 12 4141
EB 0 0 12 4141
EC 0 0 12 4141
ED 0 0 12 4141
EE 0 0 12 4141
EF 0 0 12 4141
F0 0 0 12 4141
F1 0 0 12 4141
F2 0 0 12 4141
F3 0 0 12 4141
F4 0 0 12 4141
F5 0 0 12 4141
F6 0 0 12 4141
F7 0 0 12 4141
F8 0 0 12 4141
F9 0 0 12 4141
FA 0 0 12 4141
00 0 0 12 4141
01 0 0 12 4141
02 0 0 12 4141
03 0 0 12 4141
04 0 0 12 4141
05 0 0 12 4141
06 0 0 12 4141
07 0 0 12 4141
08 0 0 12 4141
09 0 0 12 4141
0A 0 0 12 4141
0B 0 0 12 4141
0C 0 0 12 4141
0D 0 0 12 4141
0E 0 0 12 4141
0F 0 0 12 4141
10 0 0 12 4141
11 0 0 12 4141
12 0 0 12 4141
13 0 0 12 4141
14 0 0 12 4141
15 0 0 12 4141
16 0 0 12 4141
17 0 0 12 4141
18 0 0 12 4141
19 0 0 12 4141
1A 0 0 12 4141
1B 0 0 12 4141
1C 0 0 12 4141
1D 0 0 12 4141
1E 0 0 12 4141
1F 0 0 12 4141
20 0 0 12 4141
21 0 0 12 4141
22 0 0 12 4141
23 0 0 12 4141
24 0 0 12 4141
25 0 0 12 4141
26 0 0 12 4141
27 0 0 12 4141
28 0 0 12 4141
29 0 0 12 4141
2A 0 0 12 4141
2B 0 0 12 4141
2C 0 0 12 4141
2D 0 0 12 4141
2E 0 0 12 4141
2F 0 0 12 4141
30 0 0 12 4141
31 0 0 12 4141
32 0 0 12 4141
33 0 0 12 4141
34 0 0 12 4141
35 0 0 12 4141
36 0 0 12 4141
37 0 0 12 4141
38 0 0 12 4141
39 0 0 12 4141
3A 0 0 12 4141
3B 0 0 12 4141
3C 0 0 12 4141
3D 0 0 12 4141
3E 0 0 12 4141
3F 0 0 12 4141
40 0 0 12 4141
41 0 0 12 4141
42 0 0 12 4141
43 0 0 12 4141
44 0 0 12 4141
45 0 0 12 4141
46 0 0 12 4141
47 0 0 12 4141
48 0 0 12 4141
49 0 0 12 4141
4A 0 0 12 4141
4B 0 0 12 4141
4C 0 0 12 4141
4D 0 0 12 4141
4E 0 0 12 4141
4F 0 0 12 4141
50 0 0 12 4141
51 0 0 12 4141
52 0 0 12 4141
53 0 0 12 4141
54 0 0 12 4141
55 0 0 12 4141
56 0 0 12 4141
57 0 0 12 4141
58 0 0 12 4141
59 0 0 12 4141
5A 0 0 12 4141
5B 0 0 12 4141
5C 0 0 12 4141
5D 0 0 12 4141
5E 0 0 12 4141
5F 0 0 12 4141
60 0 0 12 4141
61 0 0 12 4141
62 0 0 12 4141
63 0 0 12 4141
64 0 0 12 4141
65 0 0 12 4141
66 0 0 12 4141
67 0 0 12 4141
68 0 0 12 4141
69 0 0 12 4141
6A 0 0 12 4141
6B 0 0 12 4141
6C 0 0 12 4141
6D 0 0 12 4141
6E 0 0 12 4141
6F 0 0 12 4141
70 0 0 12 4141
71 0 0 12 4141
72 0 0 12 4141
73 0 0 12 4141
74 0 0 12 4141
75 0 0 12 4141
76 0 0 12 4141
77 0 0 12 4141
78 0 0 12 4141
79 0 0 12 4141
7A 0 0 12 4141
7B 0 0 12 4141
7C 0 0 12 4141
7D 0 0 12 4141
7E 0 0 12 4141
7F 0 0 12 4141
80 0 0 12 4141
81 0 0 12 4141
82 0 0 12 4141
83 0 0 12 4141
84 0 0 12 4141
85 0 0 12 4141
86 0 0 12 4141
87 0 0 12 4141
88 0 0 12 4141
89 0 0 12 4141
8A 0 0 12 4141
8B 0 0 12 4141
8C 0 0 12 4141
8D 0 0 12 4141
8E 0 0 12 4141
8F 0 0 12 4141
90 0 0 12 4141
91 0 0 12 4141
92 0 0 12 4141
93 0 0 12 4141
94 0 0 12 4141
95 0 0 12 4141
96 0 0 12 4141
97 0 0 12 4141
98 0 0 12 4141
99 0 0 12 4141
9A 0 0 12 4141
9B 0 0 12 4141
9C 0 0 12 4141
9D 0 0 12 4141
9E 0 0 12 4141
9F 0 0 12 4141
A0 0 0 12 4141
A1 0 0 12 4141
A2 0 0 12 4141
A3 0 0 12 4141
A4 0 0 12 4141
A5 0 0 12 4141
A6 0 0 12 4141
A7 0 0 12 4141
A8 0 0 12 4141
A9 0 0 12 4141
AA 0 0 12 4141
AB 0 0 12 4141
AC 0 0 12 4141
AD 0 0 12 4141
AE 0 0 12 4141
AF 0 0 12 4141
B0 0 0 12 4141
B1 0 0 12 4141
B2 0 0 12 4141
B3 0 0 12 4141
B4 0 0 12 4141
B5 0 0 12 4141
B6 0 0 12 4141
B7 0 0 12 4141
B8 0 0 12 4141
B9 0 0 12 4141
BA 0 0 12 4141
BB 0 0 12 4141
BC 0 0 12 4141
BD 0 0 12 4141
BE 0 0 12 4141
BF 0 0 12 4141
C0 0 0 12 4141
C1 0 0 12 4141
C2 0 0 12 4141
C3 0 0 12 4141
C4 0 0 12 4141
C5 0 0 12 4141
C6 0 0 12 4141
C7 0 0 12 4141
C8 0 0 12 4141
C9 0 0 12 4141
CA 0 0 12 4141
CB 0 0 12 4141
CC 0 0 12 4141
CD 0 0 12 4141
CE 0 0 12 4141
CF 0 0 12 4141
D0 0 0 12 4141
D1 0 0 12 4141
D2 0 0 12 4141
D3 0 0 12 4141
D4 0 0 12 4141
D5 0 0 12 4141
D6 0 0 12 4141
D7 0 0 12 4141
D8 0 0 12 4141
D9 0 0 12 4141
DA 0 0 12 4141
DB 0 0 12 4141
DC 0 0 12 4141
DD 0 0 12 4141
DE 0 0 12 4141
DF 0 0 12 4141
E0 0 0 12 4141
E1 0 0 12 4141
E2 0 0 12 4141
E3 0 0 12 4141
E4 0 0 12 4141
E5 0 0 12 4141
E6 0 0 12 4141
E7 0 0 12 4141
E8 0 0 12 4141
E9 0 0 12 4141
EA 0 0 12 4141
EB 0 0 12 4141
EC 0 0 12 4141
ED 0 0 12 4141
EE 0 0 12 4141
EF 0 0 12 4141
F0 0 0 12 4141
F1 0 0 12 4141
F2 0 0 12 4141
F3 0 0 12 4141
F4 0 0 12 4141
F5 0 0 12 4141
F6 0 0 12 4141
F7 0 0 12 4141
F8 0 0 12 4141
F9 0 0 12 4141
FA 0 0 12 4141
00 0 0 12 4141
01 0 0 12 4141
02 0 0 12 4141
03 0 0 12 4141
04 0 0 12 4141
05 0 0 12 4141
06 0 0 12 4141
07 0 0 12 4141
08 0 0 12 4141
09 0 0 12 4141
0A 0 0 12 4141
0B 0 0 12 4141
0C 0 0 12 4141
0D 0 0 12 4141
0E 0 0 12 4141
0F 0 0 12 4141
10 0 0 12 4141
11 0 0 12 4141
12 0 0 12 4141
13 0 0 12 4141
14 0 0 12 4141
15 0 0 12 4141
16 0 0 12 4141
17 0 0 12 4141
18 0 0 12 4141
19 0 0 12 4141
1A 0 0 12 4141
1B 0 0 12 4141
1C 0 0 12 4141
1D 0 0 12 4141
1E 0 0 12 4141
1F 0 0 12 4141
20 0 0 12 4141
21 0 0 12 4141
22 0 0 12 4141
23 0 0 12 4141
24 0 0 12 4141
25 0 0 12 4141
26 0 0 12 4141
27 0 0 12 4141
28 0 0 12 4141
29 0 0 12 4141
2A 0 0 12 4141
2B 0 0 12 4141
2C 0 0 12 4141
2D 0 0 12 4141
2E 0 0 12 4141
2F 0 0 12 4141
30 0 0 12 4141
31 0 0 12 4141
32 0 0 12 4141
33 0 0 12 4141
34 0 0 12 4141
35 0 0 12 4141
36 0 0 12 4141
37 0 0 12 4141
38 0 0 12 4141
39 0 0 12 4141
3A 0 0 12 4141
3B 0 0 12 4141
3C 0 0 12 4141
3D 0 0 12 4141
3E 0 0 12 4141
3F 0 0 12 4141
40 0 0 12 4141
41 0 0 12 4141
42 0 0 12 4141
43 0 0 12 4141
44 0 0 12 4141
45 0 0 12 4141
46 0 0 12 4141
47 0 0 12 4141
48 0 0 12 4141
49 0 0 12 4141
4A 0 0 12 4141
4B 0 0 12 4141
4C 0 0 12 4141
4D 0 0 12 4141
4E 0 0 12 4141
4F 0 0 12 4141
50 0 0 12 4141
51 0 0 12 4141
52 0 0 12 4141
53 0 0 12 4141
54 0 0 12 4141
55 0 0 12 4141
56 0 0 12 4141
57 0 0 12 4141
58 0 0 12 4141
59 0 0 12 4141
5A 0 0 12 4141
5B 0 0 12 4141
5C 0 0 12 4141
5D 0 0 12 4141
5E 0 0 12 4141
5F 0 0 12 4141
60 0 0 12 4141
61 0 0 12 4141
62 0 0 12 4141
63 0 0 12 4141
64 0 0 12 4141
65 0 0 12 4141
66 0 0 12 4141
67 0 0 12 4141
68 0 0 12 4141
69 0 0 12 4141
6A 0 0 12 4141
6B 0 0 12 4141
6C 0 0 12 4141
6D 0 0 12 4141
6E 0 0 12 4141
6F 0 0 12 4141
70 0 0 12 4141
71 0 0 12 4141
72 0 0 12 4141
73 0 0 12 4141
74 0 0 12 4141
75 0 0 12 4141
76 0 0 12 4141
77 0 0 12 4141
78 0 0 12 4141
79 0 0 12 4141
7A 0 0 12 4141
7B 0 0 12 4141
7C 0 0 12 4141
7D 0 0 12 4141
7E 0 0 12 4141
7F 0 0 12 4141
80 0 0 12 4141
81 0 0 12 4141
82 0 0 12 4141
83 0 0 12 4141
84 0 0 12 4141
85 0 0 12 4141
86 0 0 12 4141
87 0 0 12 4141
88 0 0 12 4141
89 0 0 12 4141
8A 0 0 12 4141
8B 0 0 12 4141
8C 0 0 12 4141
8D 0 0 12 4141
8E 0 0 12 4141
8F 0 0 12 4141
90 0 0 12 4141
91 0 0 12 4141
92 0 0 12 4141
93 0 0 12 4141
94 0 0 12 4141
95 0 0 12 4141
96 0 0 12 4141
97 0 0 12 4141
98 0 0 12 4141
99 0 0 12 4141
9A 0 0 12 4141
9B 0 0 12 4141
9C 0 0 12 4141
9D 0 0 12 4141
9E 0 0 12 4141
9F 0 0 12 4141
A0 0 0 12 4141
A1 0 0 12 4141
A2 0 0 12 4141
A3 0 0 12 4141
A4 0 0 12 4141
A5 0 0 12 4141
A6 0 0 12 4141
A7 0 0 12 4141
A8 0 0 12 4141
A9 0 0 12 4141
AA 0 0 12 4141
AB 0 0 12 4141
AC 0 0 12 4141
AD 0 0 12 4141
AE 0 0 12 4141
AF 0 0 12 4141
B0 0 0 12 4141
B1 0 0 12 4141
B2 0 0 12 4141
B3 0 0 12 4141
B4 0 0 12 4141
B5 0 0 12 4141
B6 0 0 12 4141
B7 0 0 12 4141
B8 0 0 12 4141
B9 0 0 12 4141
BA 0 0 12 4141
BB 0 0 12 4141
BC 0 0 12 4141
BD 0 0 12 4141
BE 0 0 12 4141
BF 0 0 12 4141
C0 0 0 12 4141
C1 0 0 12 4141
C2 0 0 12 4141
C3 0 0 12 4141
C4 0 0 12 4141
C5 0 0 12 4141
C6 0 0 12 4141
C7 0 0 12 4141
C8 0 0 12 4141
C9 0 0 12 4141
CA 0 0 12 4141
CB 0 0 12 4141
CC 0 0 12 4141
CD 0 0 12 4141
CE 0 0 12 4141
CF 0 0 12 4141
D0 0 0 12 4141
D1 0 0 12 4141
D2 0 0 12 4141
D3 0 0 12 4141
D4 0 0 12 4141
D5 0 0 12 4141
D6 0 0 12 4141
D7 0 0 12 4141
D8 0 0 12 4141
D9 0 0 12 4141
DA 0 0 12 4141
DB 0 0 12 4141
DC 0 0 12 4141
DD 0 0 12 4141
DE 0 0 12 4141
DF 0 0 12 4141
E0 0 0 12 4141
E1 0 0 12 4141
E2 0 0 12 4141
E3 0 0 12 4141
E4 0 0 12 4141
E5 0 0 12 4141
E6 0 0 12 4141
E7 0 0 12 4141
E8 0 0 12 4141
E9 0 0 12 4141
EA 0 0 12 4141
EB 0 0 12 4141
EC 0 0 12 4141
ED 0 0 12 4141
EE 0 0 12 4141
EF 0 0 12 4141
F0 0 0 12 4141
F1 0 0 12 4141
F2 0 0 12 4141
F3 0 0 12 4141
F4 0 0 12 4141
F5 0 0 12 4141
F6 0 0 12 4141
F7 0 0 12 4141
F8 0 0 12 4141
F9 0 0 12 4141
FA 0 0 12 4141
00 0 0 12 4141
01 0 0 12 4141
02 0 0 12 4141
03 0 0 12 4141
04 0 0 12 4141
05 0 0 12 4141
06 0 0 12 4141
07 0 0 12 4141
08 0 0 12 4141
09 0 0 12 4141
0A 0 0 12 4141
0B 0 0 12 4141
0C 0 0 12 4141
0D 0 0 12 4141
0E 0 0 12 4141
0F 0 0 12 4141
10 0 0 12 4141
11 0 0 12 4141
12 0 0 12 4141
13 0 0 12 4141
14 0 0 12 4141
15 0 0 12 4141
16 0 0 12 4141
17 0 0 12 4141
18 0 0 12 4141
19 0 0 12 4141
1A 0 0 12 4141
1B 0 0 12 4141
1C 0 0 12 4141
1D 0 0 12 4141
1E 0 0 12 4141
1F 0 0 12 4141
20 0 0 12 4141
21 0 0 12 4141
22 0 0 12 4141
23 0 0 12 4141
24 0 0 12 4141
25 0 0 12 4141
26 0 0 12 4141
27 0 0 12 4141
28 0 0 12 4141
29 0 0 12 4141
2A 0 0 12 4141
2B 0 0 12 4141
2C 0 0 12 4141
2D 0 0 12 4141
2E 0 0 12 4141
2F 0 0 12 4141
30 0 0 12 4141
31 0 0 12 4141
32 0 0 12 4141
33 0 0 12 4141
34 0 0 12 4141
35 0 0 12 4141
36 0 0 12 4141
37 0 0 12 4141
38 0 0 12 4141
39 0 0 12 4141
3A 0 0 12 4141
3B 0 0 12 4141
3C 0 0 12 4141
3D 0 0 12 4141
3E 0 0 12 4141
3F 0 0 12 4141
40 0 0 12 4141
41 0 0 12 4141
42 0 0 12 4141
43 0 0 12 4141
44 0 0 12 4141
45 0 0 12 4141
46 0 0 12 4141
47 0 0 12 4141
48 0 0 12 4141
49 0 0 12 4141
4A 0 0 12 4141
4B 0 0 12 4141
4C 0 0 12 4141
4D 0 0 12 4141
4E 0 0 12 4141
4F 0 0 12 4141
50 0 0 12 4141
51 0 0 12 4141
52 0 0 12 4141
53 0 0 12 4141
54 0 0 12 4141
55 0 0 12 4141
56 0 0 12 4141
57 0 0 12 4141
58 0 0 12 4141
59 0 0 12 4141
5A 0 0 12 4141
5B 0 0 12 4141
5C 0 0 12 4141
5D 0 0 12 4141
5E 0 0 12 4141
5F 0 0 12 4141
60 0 0 12 4141
61 0 0 12 4141
62 0 0 12 4141
63 0 0 12 4141
64 0 0 12 4141
65 0 0 12 4141
66 0 0 12 4141
67 0 0 12 4141
68 0 0 12 4141
69 0 0 12 4141
6A 0 0 12 4141
6B 0 0 12 4141
6C 0 0 12 4141
6D 0 0 12 4141
6E 0 0 12 4141
6F 0 0 12 4141
70 0 0 12 4141
71 0 0 12 4141
72 0 0 12 4141
73 0 0 12 4141
74 0 0 12 4141
75 0 0 12 4141
76 0 0 12 4141
77 0 0 12 4141
78 0 0 12 4141
79 0 0 12 4141
7A 0 0 12 4141
7B 0 0 12 4141
7C 0 0 12 4141
7D 0 0 12 4141
7E 0 0 12 4141
7F 0 0 12 4141
80 0 0 12 4141
81 0 0 12 4141
82 0 0 12 4141
83 0 0 12 4141
84 0 0 12 4141
85 0 0 12 4141
86 0 0 12 4141
87 0 0 12 4141
88 0 0 12 4141
89 0 0 12 4141
8A 0 0 12 4141
8B 0 0 12 4141
8C 0 0 12 4141
8D 0 0 12 4141
8E 0 0 12 4141
8F 0 0 12 4141
90 0 0 12 4141
91 0 0 12 4141
92 0 0 12 4141
93 0 0 12 4141
94 0 0 12 4141
95 0 0 12 4141
96 0 0 12 4141
97 0 0 12 4141
98 0 0 12 4141
99 0 0 12 4141
9A 0 0 12 4141
9B 0 0 12 4141
9C 0 0 12 4141
9D 0 0 12 4141
9E 0 0 12 4141
9F 0 0 12 4141
A0 0 0 12 4141
A1 0 0 12 4141
A2 0 0 12 4141
A3 0 0 12 4141
A4 0 0 12 4141
A5 0 0 12 4141
A6 0 0 12 4141
A7 0 0 12 4141
A8 0 0 12 4141
A9 0 0 12 4141
AA 0 0 12 4141
AB 0 0 12 4141
AC 0 0 12 4141
AD 0 0 12 4141
AE 0 0 12 4141
AF 0 0 12 4141
B0 0 0 12 4141
B1 0 0 12 4141
B2 0 0 12 4141
B3 0 0 12 4141
B4 0 0 12 4141
B5 0 0 12 4141
B6 0 0 12 4141
B7 0 0 12 4141
B8 0 0 12 4141
B9 0 0 12 4141
BA 0 0 12 4141
BB 0 0 12 4141
BC 0 0 12 4141
BD 0 0 12 4141
BE 0 0 12 4141
BF 0 0 12 4141
C0 0 0 12 4141
C1 0 0 12 4141
C2 0 0 12 4141
C3 0 0 12 4141
C4 0 0 12 4141
C5 0 0 12 4141
C6 0 0 12 4141
C7 0 0 12 4141
C8 0 0 12 4141
C9 0 0 12 4141
CA 0 0 12 4141
CB 0 0 12 4141
CC 0 0 12 4141
CD 0 0 12 4141
CE 0 0 12 4141
CF 0 0 12 4141
D0 0 0 12 4141
D1 0 0 12 4141
D2 0 0 12 4141
D3 0 0 12 4141
D4 0 0 12 4141
D5 0 0 12 4141
D6 0 0 12 4141
D7 0 0 12 4141
D8 0 0 12 4141
D9 0 0 12 4141
DA 0 0 12 4141
DB 0 0 12 4141
DC 0 0 12 4141
DD 0 0 12 4141
DE 0 0 12 4141
DF 0 0 12 4141
E0 0 0 12 4141
E1 0 0 12 4141
E2 0 0 12 4141
E3 0 0 12 4141
E4 0 0 12 4141
E5 0 0 12 4141
E6 0 0 12 4141
E7 0 0 12 4141
E8 0 0 12 4141
E9 0 0 12 4141
EA 0 0 12 4141
EB 0 0 12 4141
EC 0 0 12 4141
ED 0 0 12 4141
EE 0 0 12 4141
EF 0 0 12 4141
F0 0 0 12 4141
F1 0 0 12 4141
F2 0 0 12 4141
F3 0 0 12 4141
F4 0 0 12 4141
F5 0 0 12 4141
F6 0 0 12 4141
F7 0 0 12 4141
F8 0 0 12 4141
F9 0 0 12 4141
FA 0 0 12 4141
00 0 0 12 4141
01 0 0 12 4141
02 0 0 12 4141
03 0 0 12 4141
04 0 0 12 4141
05 0 0 12 4141
06 0 0 12 4141
07 0 0 12 4141
08 0 0 12 4141
09 0 0 12 4141
0A 0 0 12 4141
0B 0 0 12 4141
0C 0 0 12 4141
0D 0 0 12 4141
0E 0 0 12 4141
0F 0 0 12 4141
10 0 0 12 4141
11 0 0 12 4141
12 0 0 12 4141
13 0 0 12 4141
14 0 0 12 4141
15 0 0 12 4141
16 0 0 12 4141
17 0 0 12 4141
18 0 0 12 4141
19 0 0 12 4141
1A 0 0 12 4141
1B 0 0 12 4141
1C 0 0 12 4141
1D 0 0 12 4141
1E 0 0 12 4141
1F 0 0 12 4141
20 0 0 12 4141
21 0 0 12 4141
22 0 0 12 4141
23 0 0 12 4141
24 0 0 12 4141
25 0 0 12 4141
26 0 0 12 4141
27 0 0 12 4141
28 0 0 12 4141
29 0 0 12 4141
2A 0 0 12 4141
2B 0 0 12 4141
2C 0 0 12 4141
2D 0 0 12 4141
2E 0 0 12 4141
2F 0 0 12 4141
30 0 0 12 4141
31 0 0 12 4141
32 0 0 12 4141
33 0 0 12 4141
34 0 0 12 4141
35 0 0 12 4141
36 0 0 12 4141
37 0 0 12 4141
38 0 0 12 4141
39 0 0 12 4141
3A 0 0 12 4141
3B 0 0 12 4141
3C 0 0 12 4141
3D 0 0 12 4141
3E 0 0 12 4141
3F 0 0 12 4141
40 0 0 12 4141
41 0 0 12 4141
42 0 0 12 4141
43 0 0 12 4141
44 0 0 12 4141
45 0 0 12 4141
46 0 0 12 4141
47 0 0 12 4141
48 0 0 12 4141
49 0 0 12 4141
4A 0 0 12 4141
4B 0 0 12 4141
4C 0 0 12 4141
4D 0 0 12 4141
4E 0 0 12 4141
4F 0 0 12 4141
50 0 0 12 4141
51 0 0 12 4141
52 0 0 12 4141
53 0 0 12 4141
54 0 0 12 4141
55 0 0 12 4141
56 0 0 12 4141
57 0 0 12 4141
58 0 0 12 4141
59 0 0 12 4141
5A 0 0 12 4141
5B 0 0 12 4141
5C 0 0 12 4141
5D 0 0 12 4141
5E 0 0 12 4141
5F 0 0 12 4141
60 0 0 12 4141
61 0 0 12 4141
62 0 0 12 4141
63 0 0 12 4141
64 0 0 12 4141
65 0 0 12 4141
66 0 0 12 4141
67 0 0 12 4141
68 0 0 12 4141
69 0 0 12 4141
6A 0 0 12 4141
6B 0 0 12 4141
6C 0 0 12 4141
6D 0 0 12 4141
6E 0 0 12 4141
6F 0 0 12 4141
70 0 0 12 4141
71 0 0 12 4141
72 0 0 12 4141
73 0 0 12 4141
74 0 0 12 4141
75 0 0 12 4141
76 0 0 12 4141
77 0 0 12 4141
78 0 0 12 4141
79 0 0 12 4141
7A 0 0 12 4141
7B 0 0 12 4141
7C 0 0 12 4141
7D 0 0 12 4141
7E 0 0 12 4141
7F 0 0 12 4141
80 0 0 12 4141
81 0 0 12 4141
82 0 0 12 4141
83 0 0 12 4141
84 0 0 12 4141
85 0 0 12 4141
86 0 0 12 4141
87 0 0 12 4141
88 0 0 12 4141
89 0 0 12 4141
8A 0 0 12 4141
8B 0 0 12 4141
8C 0 0 12 4141
8D 0 0 12 4141
8E 0 0 12 4141
8F 0 0 12 4141
90 0 0 12 4141
91 0 0 12 4141
92 0 0 12 4141
93 0 0 12 4141
94 0 0 12 4141
95 0 0 12 4141
96 0 0 12 4141
97 0 0 12 4141
98 0 0 12 4141
99 0 0 12 4141
9A 0 0 12 4141
9B 0 0 12 4141
9C 0 0 12 4141
9D 0 0 12 4141
9E 0 0 12 4141
9F 0 0 12 4141
A0 0 0 12 4141
A1 0 0 12 4141
A2 0 0 12 4141
A3 0 0 12 4141
A4 0 0 12 4141
A5 0 0 12 4141
A6 0 0 12 4141
A7 0 0 12 4141
A8 0 0 12 4141
A9 0 0 12 4141
AA 0 0 12 4141
AB 0 0 12 4141
AC 0 0 12 4141
AD 0 0 12 4141
AE 0 0 12 4141
AF 0 0 12 4141
B0 0 0 12 4141
B1 0 0 12 4141
B2 0 0 12 4141
B3 0 0 12 4141
B4 0 0 12 4141
B5 0 0 12 4141
B6 0 0 12 4141
B7 0 0 12 4141
B8 0 0 12 4141
B9 0 0 12 4141
BA 0 0 12 4141
BB 0 0 12 4141
BC 0 0 12 4141
BD 0 0 12 4141
BE 0 0 12 4141
BF 0 0 12 4141
C0 0 0 12 4141
C1 0 0 12 4141
C2 0 0 12 4141
C3 0 0 12 4141
C4 0 0 12 4141
C5 0 0 12 4141
C6 0 0 12 4141
C7 0 0 12 4141
C8 0 0 12 4141
C9 0 0 12 4141
CA 0 0 12 4141
CB 0 0 12 4141
CC 0 0 12 4141
CD 0 0 12 4141
CE 0 0 12 4141
CF 0 0 12 4141
D0 0 0 12 4141
D1 0 0 12 4141
D2 0 0 12 4141
D3 0 0 12 4141
D4 0 0 12 4141
D5 0 0 12 4141
D6 0 0 12 4141
D7 0 0 12 4141
D8 0 0 12 4141
D9 0 0 12 4141
DA 0 0 12 4141
DB 0 0 12 4141
DC 0 0 12 4141
DD 0 0 12 4141
DE 0 0 12 4141
DF 0 0 12 4141
E0 0 0 12 4141
E1 0 0 12 4141
E2 0 0 12 4141
E3 0 0 12 4141
E4 0 0 12 4141
E5 0 0 12 4141
E6 0 0 12 4141
E7 0 0 12 4141
E8 0 0 12 4141
E9 0 0 12 4141
EA 0 0 12 4141
EB 0 0 12 4141
EC 0 0 12 4141
ED 0 0 12 4141
EE 0 0 12 4141
EF 0 0 12 4141
F0 0 0 12 4141
F1 0 0 12 4141
F2 0 0 12 4141
F3 0 0 12 4141
F4 0 0 12 4141
F5 0 0 12 4141
F6 0 0 12 4141
F7 0 0 12 4141
F8 0 0 12 4141
F9 0 0 12 4141
FA 0 0 12 4141
00 0 0 12 4141
01 0 0 12 4141
02 0 0 12 4141
03 0 0 12 4141
04 0 0 12 4141
05 1 0 12 4141
