# data last user frame
00 0 0 1
0A 0 0 1
35 0 0 1
01 0 0 1
02 0 0 1
03 0 0 1
DE 0 0 1
AD 0 0 1
BE 0 0 1
EF 0 0 1
00 0 0 1
01 0 0 1
08 0 0 1
00 0 0 1
01 0 0 1
00 0 0 1
00 0 0 1
00 0 0 1
00 0 0 1
00 0 0 1
00 0 0 1
00 0 0 1
00 0 0 1
00 0 0 1
00 0 0 1
00 0 0 1
00 0 0 1
00 0 0 1
00 0 0 1
00 0 0 1
00 0 0 1
00 0 0 1
00 0 0 1
00 0 0 1
00 0 0 1
00 0 0 1
00 0 0 1
00 0 0 1
00 0 0 1
00 0 0 1
00 0 0 1
00 0 0 1
00 0 0 1
00 0 0 1
00 0 0 1
00 0 0 1
00 0 0 1
00 0 0 1
00 0 0 1
00 0 0 1
00 0 0 1
00 0 0 1
00 0 0 1
00 0 0 1
00 0 0 1
00 0 0 1
00 0 0 1
00 0 0 1
00 0 0 1
00 1 1 1
00 0 0 2
0A 0 0 2
35 0 0 2
01 0 0 2
02 0 0 2
03 0 0 2
DE 0 0 2
AD 0 0 2
BE 0 0 2
EF 0 0 2
00 0 0 2
01 0 0 2
08 0 0 2
00 0 0 2
02 0 0 2
03 0 0 2
04 0 0 2
05 0 0 2
06 0 0 2
07 0 0 2
08 0 0 2
09 0 0 2
0A 0 0 2
0B 0 0 2
0C 0 0 2
0D 0 0 2
0E 0 0 2
0F 0 0 2
10 0 0 2
11 0 0 2
12 0 0 2
13 0 0 2
14 0 0 2
15 0 0 2
16 0 0 2
17 0 0 2
18 0 0 2
19 0 0 2
1A 0 0 2
1B 0 0 2
1C 0 0 2
1D 0 0 2
1E 0 0 2
1F 0 0 2
20 0 0 2
21 0 0 2
22 0 0 2
23 0 0 2
24 0 0 2
25 0 0 2
26 0 0 2
27 0 0 2
28 0 0 2
29 0 0 2
2A 0 0 2
2B 0 0 2
2C 0 0 2
2D 0 0 2
2E 0 0 2
00 1 1 2
00 0 0 3
0A 0 0 3
35 0 0 3
01 0 0 3
02 0 0 3
03 0 0 3
DE 0 0 3
AD 0 0 3
BE 0 0 3
EF 0 0 3
00 0 0 3
01 0 0 3
08 0 0 3
00 0 0 3
03 0 0 3
04 0 0 3
05 0 0 3
06 0 0 3
07 0 0 3
08 0 0 3
09 0 0 3
0A 0 0 3
0B 0 0 3
0C 0 0 3
0D 0 0 3
0E 0 0 3
0F 0 0 3
10 0 0 3
11 0 0 3
12 0 0 3
13 0 0 3
14 0 0 3
15 0 0 3
16 0 0 3
17 0 0 3
18 0 0 3
19 0 0 3
1A 0 0 3
1B 0 0 3
1C 0 0 3
1D 0 0 3
1E 0 0 3
1F 0 0 3
20 0 0 3
21 0 0 3
22 0 0 3
23 0 0 3
24 0 0 3
25 0 0 3
26 0 0 3
27 0 0 3
28 0 0 3
29 0 0 3
2A 0 0 3
2B 0 0 3
2C 0 0 3
2D 0 0 3
2E 0 0 3
2F 0 0 3
30 1 1 3
00 0 0 4
0A 0 0 4
35 0 0 4
01 0 0 4
02 0 0 4
03 0 0 4
DE 0 0 4
AD 0 0 4
BE 0 0 4
EF 0 0 4
00 0 0 4
01 0 0 4
08 0 0 4
00 0 0 4
04 0 0 4
05 0 0 4
06 0 0 4
07 0 0 4
08 0 0 4
09 0 0 4
0A 0 0 4
0B 0 0 4
0C 0 0 4
0D 0 0 4
0E 0 0 4
0F 0 0 4
10 0 0 4
11 0 0 4
12 0 0 4
13 0 0 4
14 0 0 4
15 0 0 4
16 0 0 4
17 0 0 4
18 0 0 4
19 0 0 4
1A 0 0 4
1B 0 0 4
1C 0 0 4
1D 0 0 4
1E 0 0 4
1F 0 0 4
20 0 0 4
21 0 0 4
22 0 0 4
23 0 0 4
24 0 0 4
25 0 0 4
26 0 0 4
27 0 0 4
28 0 0 4
29 0 0 4
2A 0 0 4
2B 0 0 4
2C 0 0 4
2D 0 0 4
2E 0 0 4
2F 0 0 4
30 0 0 4
31 0 0 4
32 1 1 4
00 0 0 5
0A 0 0 5
35 0 0 5
01 0 0 5
02 0 0 5
03 0 0 5
DE 0 0 5
AD 0 0 5
BE 0 0 5
EF 0 0 5
00 0 0 5
01 0 0 5
08 0 0 5
00 0 0 5
05 0 0 5
06 0 0 5
07 0 0 5
08 0 0 5
09 0 0 5
0A 0 0 5
0B 0 0 5
0C 0 0 5
0D 0 0 5
0E 0 0 5
0F 0 0 5
10 0 0 5
11 0 0 5
12 0 0 5
13 0 0 5
14 0 0 5
15 0 0 5
16 0 0 5
17 0 0 5
18 0 0 5
19 0 0 5
1A 0 0 5
1B 0 0 5
1C 0 0 5
1D 0 0 5
1E 0 0 5
1F 0 0 5
20 0 0 5
21 0 0 5
22 0 0 5
23 0 0 5
24 0 0 5
25 0 0 5
26 0 0 5
27 0 0 5
28 0 0 5
29 0 0 5
2A 0 0 5
2B 0 0 5
2C 0 0 5
2D 0 0 5
2E 0 0 5
2F 0 0 5
30 0 0 5
31 0 0 5
32 0 0 5
33 0 0 5
34 0 0 5
35 0 0 5
36 0 0 5
37 0 0 5
38 0 0 5
39 0 0 5
3A 0 0 5
3B 0 0 5
3C 0 0 5
3D 0 0 5
3E 0 0 5
3F 0 0 5
40 0 0 5
41 0 0 5
42 0 0 5
43 1 1 5
00 0 0 6
0A 0 0 6
35 0 0 6
01 0 0 6
02 0 0 6
03 0 0 6
DE 0 0 6
AD 0 0 6
BE 0 0 6
EF 0 0 6
00 0 0 6
01 0 0 6
08 0 0 6
00 0 0 6
06 0 0 6
07 0 0 6
08 0 0 6
09 0 0 6
0A 0 0 6
0B 0 0 6
0C 0 0 6
0D 0 0 6
0E 0 0 6
0F 0 0 6
10 0 0 6
11 0 0 6
12 0 0 6
13 0 0 6
14 0 0 6
15 0 0 6
16 0 0 6
17 0 0 6
18 0 0 6
19 0 0 6
1A 0 0 6
1B 0 0 6
1C 0 0 6
1D 0 0 6
1E 0 0 6
1F 0 0 6
20 0 0 6
21 0 0 6
22 0 0 6
23 0 0 6
24 0 0 6
25 0 0 6
26 0 0 6
27 0 0 6
28 0 0 6
29 0 0 6
2A 0 0 6
2B 0 0 6
2C 0 0 6
2D 0 0 6
2E 0 0 6
2F 0 0 6
30 0 0 6
31 0 0 6
32 0 0 6
33 0 0 6
34 0 0 6
35 0 0 6
36 0 0 6
37 0 0 6
38 0 0 6
39 0 0 6
3A 0 0 6
3B 0 0 6
3C 0 0 6
3D 0 0 6
3E 0 0 6
3F 0 0 6
40 0 0 6
41 0 0 6
42 0 0 6
43 0 0 6
44 0 0 6
45 1 1 6
00 0 0 7
0A 0 0 7
35 0 0 7
01 0 0 7
02 0 0 7
03 0 0 7
DE 0 0 7
AD 0 0 7
BE 0 0 7
EF 0 0 7
00 0 0 7
01 0 0 7
08 0 0 7
00 0 0 7
07 0 0 7
08 0 0 7
09 0 0 7
0A 0 0 7
0B 0 0 7
0C 0 0 7
0D 0 0 7
0E 0 0 7
0F 0 0 7
10 0 0 7
11 0 0 7
12 0 0 7
13 0 0 7
14 0 0 7
15 0 0 7
16 0 0 7
17 0 0 7
18 0 0 7
19 0 0 7
1A 0 0 7
1B 0 0 7
1C 0 0 7
1D 0 0 7
1E 0 0 7
1F 0 0 7
20 0 0 7
21 0 0 7
22 0 0 7
23 0 0 7
24 0 0 7
25 0 0 7
26 0 0 7
27 0 0 7
28 0 0 7
29 0 0 7
2A 0 0 7
2B 0 0 7
2C 0 0 7
2D 0 0 7
2E 0 0 7
2F 0 0 7
30 0 0 7
31 0 0 7
32 0 0 7
33 0 0 7
34 0 0 7
35 0 0 7
36 0 0 7
37 0 0 7
38 0 0 7
39 0 0 7
3A 0 0 7
3B 0 0 7
3C 0 0 7
3D 0 0 7
3E 0 0 7
3F 0 0 7
40 0 0 7
41 0 0 7
42 0 0 7
43 0 0 7
44 0 0 7
45 0 0 7
46 0 0 7
47 1 1 7
00 0 0 8
0A 0 0 8
35 0 0 8
01 0 0 8
02 0 0 8
03 0 0 8
DE 0 0 8
AD 0 0 8
BE 0 0 8
EF 0 0 8
00 0 0 8
01 0 0 8
08 0 0 8
00 0 0 8
08 0 0 8
09 0 0 8
0A 0 0 8
0B 0 0 8
0C 0 0 8
0D 0 0 8
0E 0 0 8
0F 0 0 8
10 0 0 8
11 0 0 8
12 0 0 8
13 0 0 8
14 0 0 8
15 0 0 8
16 0 0 8
17 0 0 8
18 0 0 8
19 0 0 8
1A 0 0 8
1B 0 0 8
1C 0 0 8
1D 0 0 8
1E 0 0 8
1F 0 0 8
20 0 0 8
21 0 0 8
22 0 0 8
23 0 0 8
24 0 0 8
25 0 0 8
26 0 0 8
27 0 0 8
28 0 0 8
29 0 0 8
2A 0 0 8
2B 0 0 8
2C 0 0 8
2D 0 0 8
2E 0 0 8
2F 0 0 8
30 0 0 8
31 0 0 8
32 0 0 8
33 0 0 8
34 0 0 8
35 0 0 8
36 0 0 8
37 0 0 8
38 0 0 8
39 0 0 8
3A 0 0 8
3B 0 0 8
3C 0 0 8
3D 0 0 8
3E 0 0 8
3F 0 0 8
40 0 0 8
41 0 0 8
42 0 0 8
43 0 0 8
44 0 0 8
45 0 0 8
46 0 0 8
47 0 0 8
48 0 0 8
49 0 0 8
4A 0 0 8
4B 0 0 8
4C 0 0 8
4D 0 0 8
4E 0 0 8
4F 0 0 8
50 0 0 8
51 0 0 8
52 0 0 8
53 0 0 8
54 0 0 8
55 0 0 8
56 0 0 8
57 0 0 8
58 0 0 8
59 0 0 8
5A 0 0 8
5B 0 0 8
5C 0 0 8
5D 0 0 8
5E 0 0 8
5F 0 0 8
60 0 0 8
61 0 0 8
62 0 0 8
63 0 0 8
64 0 0 8
65 0 0 8
66 0 0 8
67 0 0 8
68 0 0 8
69 0 0 8
6A 0 0 8
6B 1 1 8
00 0 0 9
0A 0 0 9
35 0 0 9
01 0 0 9
02 0 0 9
03 0 0 9
DE 0 0 9
AD 0 0 9
BE 0 0 9
EF 0 0 9
00 0 0 9
01 0 0 9
08 0 0 9
00 0 0 9
09 0 0 9
0A 0 0 9
0B 0 0 9
0C 0 0 9
0D 0 0 9
0E 0 0 9
0F 0 0 9
10 0 0 9
11 0 0 9
12 0 0 9
13 0 0 9
14 0 0 9
15 0 0 9
16 0 0 9
17 0 0 9
18 0 0 9
19 0 0 9
1A 0 0 9
1B 0 0 9
1C 0 0 9
1D 0 0 9
1E 0 0 9
1F 0 0 9
20 0 0 9
21 0 0 9
22 0 0 9
23 0 0 9
24 0 0 9
25 0 0 9
26 0 0 9
27 0 0 9
28 0 0 9
29 0 0 9
2A 0 0 9
2B 0 0 9
2C 0 0 9
2D 0 0 9
2E 0 0 9
2F 0 0 9
30 0 0 9
31 0 0 9
32 0 0 9
33 0 0 9
34 0 0 9
35 0 0 9
36 0 0 9
37 0 0 9
38 0 0 9
39 0 0 9
3A 0 0 9
3B 0 0 9
3C 0 0 9
3D 0 0 9
3E 0 0 9
3F 0 0 9
40 0 0 9
41 0 0 9
42 0 0 9
43 0 0 9
44 0 0 9
45 0 0 9
46 0 0 9
47 0 0 9
48 0 0 9
49 0 0 9
4A 0 0 9
4B 0 0 9
4C 0 0 9
4D 0 0 9
4E 0 0 9
4F 0 0 9
50 0 0 9
51 0 0 9
52 0 0 9
53 0 0 9
54 0 0 9
55 0 0 9
56 0 0 9
57 0 0 9
58 0 0 9
59 0 0 9
5A 0 0 9
5B 0 0 9
5C 0 0 9
5D 0 0 9
5E 0 0 9
5F 0 0 9
60 0 0 9
61 0 0 9
62 0 0 9
63 0 0 9
64 0 0 9
65 0 0 9
66 0 0 9
67 0 0 9
68 0 0 9
69 0 0 9
6A 0 0 9
6B 0 0 9
6C 0 0 9
6D 0 0 9
6E 0 0 9
6F 0 0 9
70 0 0 9
71 0 0 9
72 0 0 9
73 0 0 9
74 0 0 9
75 0 0 9
76 0 0 9
77 0 0 9
78 0 0 9
79 0 0 9
7A 0 0 9
7B 0 0 9
7C 0 0 9
7D 0 0 9
7E 0 0 9
7F 0 0 9
80 0 0 9
81 0 0 9
82 0 0 9
83 0 0 9
84 0 0 9
85 0 0 9
86 0 0 9
87 0 0 9
88 0 0 9
89 0 0 9
8A 0 0 9
8B 0 0 9
8C 0 0 9
8D 0 0 9
8E 0 0 9
8F 0 0 9
90 0 0 9
91 0 0 9
92 0 0 9
93 0 0 9
94 0 0 9
95 0 0 9
96 0 0 9
97 0 0 9
98 0 0 9
99 0 0 9
9A 0 0 9
9B 0 0 9
9C 0 0 9
9D 0 0 9
9E 0 0 9
9F 0 0 9
A0 0 0 9
A1 0 0 9
A2 0 0 9
A3 0 0 9
A4 0 0 9
A5 0 0 9
A6 0 0 9
A7 0 0 9
A8 0 0 9
A9 0 0 9
AA 0 0 9
AB 0 0 9
AC 0 0 9
AD 0 0 9
AE 0 0 9
AF 0 0 9
B0 0 0 9
B1 0 0 9
B2 0 0 9
B3 0 0 9
B4 0 0 9
B5 0 0 9
B6 0 0 9
B7 0 0 9
B8 0 0 9
B9 0 0 9
BA 0 0 9
BB 0 0 9
BC 0 0 9
BD 0 0 9
BE 0 0 9
BF 0 0 9
C0 0 0 9
C1 0 0 9
C2 0 0 9
C3 0 0 9
C4 0 0 9
C5 0 0 9
C6 0 0 9
C7 0 0 9
C8 0 0 9
C9 0 0 9
CA 0 0 9
CB 0 0 9
CC 0 0 9
CD 0 0 9
CE 0 0 9
CF 0 0 9
D0 0 0 9
D1 0 0 9
D2 0 0 9
D3 0 0 9
D4 0 0 9
D5 0 0 9
D6 0 0 9
D7 0 0 9
D8 0 0 9
D9 0 0 9
DA 0 0 9
DB 0 0 9
DC 0 0 9
DD 0 0 9
DE 0 0 9
DF 0 0 9
E0 0 0 9
E1 0 0 9
E2 0 0 9
E3 0 0 9
E4 0 0 9
E5 0 0 9
E6 0 0 9
E7 0 0 9
E8 0 0 9
E9 0 0 9
EA 0 0 9
EB 0 0 9
EC 0 0 9
ED 0 0 9
EE 0 0 9
EF 0 0 9
F0 0 0 9
F1 0 0 9
F2 0 0 9
F3 0 0 9
F4 0 0 9
F5 0 0 9
F6 0 0 9
F7 0 0 9
F8 0 0 9
F9 0 0 9
FA 0 0 9
00 0 0 9
01 0 0 9
02 0 0 9
03 0 0 9
04 0 0 9
05 0 0 9
06 0 0 9
07 0 0 9
08 0 0 9
09 0 0 9
0A 0 0 9
0B 0 0 9
0C 0 0 9
0D 0 0 9
0E 0 0 9
0F 0 0 9
10 0 0 9
11 0 0 9
12 0 0 9
13 0 0 9
14 0 0 9
15 0 0 9
16 0 0 9
17 0 0 9
18 0 0 9
19 0 0 9
1A 0 0 9
1B 0 0 9
1C 0 0 9
1D 0 0 9
1E 0 0 9
1F 0 0 9
20 0 0 9
21 0 0 9
22 0 0 9
23 0 0 9
24 0 0 9
25 0 0 9
26 0 0 9
27 0 0 9
28 0 0 9
29 0 0 9
2A 0 0 9
2B 0 0 9
2C 0 0 9
2D 0 0 9
2E 0 0 9
2F 0 0 9
30 0 0 9
31 0 0 9
32 0 0 9
33 0 0 9
34 0 0 9
35 0 0 9
36 0 0 9
37 0 0 9
38 0 0 9
39 0 0 9
3A 0 0 9
3B 0 0 9
3C 0 0 9
3D 0 0 9
3E 0 0 9
3F 0 0 9
40 0 0 9
41 0 0 9
42 0 0 9
43 0 0 9
44 0 0 9
45 0 0 9
46 0 0 9
47 0 0 9
48 0 0 9
49 0 0 9
4A 0 0 9
4B 0 0 9
4C 0 0 9
4D 0 0 9
4E 0 0 9
4F 0 0 9
50 0 0 9
51 0 0 9
52 0 0 9
53 0 0 9
54 0 0 9
55 0 0 9
56 0 0 9
57 0 0 9
58 0 0 9
59 0 0 9
5A 0 0 9
5B 0 0 9
5C 0 0 9
5D 0 0 9
5E 0 0 9
5F 0 0 9
60 0 0 9
61 0 0 9
62 0 0 9
63 0 0 9
64 0 0 9
65 0 0 9
66 0 0 9
67 0 0 9
68 0 0 9
69 0 0 9
6A 0 0 9
6B 0 0 9
6C 0 0 9
6D 0 0 9
6E 0 0 9
6F 0 0 9
70 0 0 9
71 0 0 9
72 0 0 9
73 0 0 9
74 0 0 9
75 0 0 9
76 0 0 9
77 0 0 9
78 0 0 9
79 0 0 9
7A 0 0 9
7B 0 0 9
7C 0 0 9
7D 0 0 9
7E 0 0 9
7F 0 0 9
80 0 0 9
81 0 0 9
82 0 0 9
83 0 0 9
84 0 0 9
85 0 0 9
86 0 0 9
87 0 0 9
88 0 0 9
89 0 0 9
8A 0 0 9
8B 0 0 9
8C 0 0 9
8D 0 0 9
8E 0 0 9
8F 0 0 9
90 0 0 9
91 0 0 9
92 0 0 9
93 0 0 9
94 0 0 9
95 0 0 9
96 0 0 9
97 0 0 9
98 0 0 9
99 0 0 9
9A 0 0 9
9B 0 0 9
9C 0 0 9
9D 0 0 9
9E 0 0 9
9F 0 0 9
A0 0 0 9
A1 0 0 9
A2 0 0 9
A3 0 0 9
A4 0 0 9
A5 0 0 9
A6 0 0 9
A7 0 0 9
A8 0 0 9
A9 0 0 9
AA 0 0 9
AB 0 0 9
AC 0 0 9
AD 0 0 9
AE 0 0 9
AF 0 0 9
B0 0 0 9
B1 0 0 9
B2 0 0 9
B3 0 0 9
B4 0 0 9
B5 0 0 9
B6 0 0 9
B7 0 0 9
B8 0 0 9
B9 0 0 9
BA 0 0 9
BB 0 0 9
BC 0 0 9
BD 0 0 9
BE 0 0 9
BF 0 0 9
C0 0 0 9
C1 0 0 9
C2 0 0 9
C3 0 0 9
C4 0 0 9
C5 0 0 9
C6 0 0 9
C7 0 0 9
C8 0 0 9
C9 0 0 9
CA 0 0 9
CB 0 0 9
CC 0 0 9
CD 0 0 9
CE 0 0 9
CF 0 0 9
D0 0 0 9
D1 0 0 9
D2 0 0 9
D3 0 0 9
D4 0 0 9
D5 0 0 9
D6 0 0 9
D7 0 0 9
D8 0 0 9
D9 0 0 9
DA 0 0 9
DB 0 0 9
DC 0 0 9
DD 0 0 9
DE 0 0 9
DF 0 0 9
E0 0 0 9
E1 0 0 9
E2 0 0 9
E3 0 0 9
E4 0 0 9
E5 0 0 9
E6 0 0 9
E7 0 0 9
E8 0 0 9
E9 0 0 9
EA 0 0 9
EB 0 0 9
EC 0 0 9
ED 0 0 9
EE 0 0 9
EF 0 0 9
F0 0 0 9
F1 0 0 9
F2 0 0 9
F3 0 0 9
F4 0 0 9
F5 0 0 9
F6 0 0 9
F7 0 0 9
F8 0 0 9
F9 0 0 9
FA 0 0 9
00 0 0 9
01 0 0 9
02 0 0 9
03 0 0 9
04 0 0 9
05 0 0 9
06 0 0 9
07 0 0 9
08 0 0 9
09 0 0 9
0A 0 0 9
0B 0 0 9
0C 0 0 9
0D 0 0 9
0E 0 0 9
0F 0 0 9
10 0 0 9
11 0 0 9
12 1 1 9
00 0 0 10
0A 0 0 10
35 0 0 10
01 0 0 10
02 0 0 10
03 0 0 10
DE 0 0 10
AD 0 0 10
BE 0 0 10
EF 0 0 10
00 0 0 10
01 0 0 10
08 0 0 10
00 0 0 10
0A 0 0 10
0B 0 0 10
0C 0 0 10
0D 0 0 10
0E 0 0 10
0F 0 0 10
10 0 0 10
11 0 0 10
12 0 0 10
13 0 0 10
14 0 0 10
15 0 0 10
16 0 0 10
17 0 0 10
18 0 0 10
19 0 0 10
1A 0 0 10
1B 0 0 10
1C 0 0 10
1D 0 0 10
1E 0 0 10
1F 0 0 10
20 0 0 10
21 0 0 10
22 0 0 10
23 0 0 10
24 0 0 10
25 0 0 10
26 0 0 10
27 0 0 10
28 0 0 10
29 0 0 10
2A 0 0 10
2B 0 0 10
2C 0 0 10
2D 0 0 10
2E 0 0 10
2F 0 0 10
30 0 0 10
31 0 0 10
32 0 0 10
33 0 0 10
34 0 0 10
35 0 0 10
36 0 0 10
37 0 0 10
38 0 0 10
39 0 0 10
3A 0 0 10
3B 0 0 10
3C 0 0 10
3D 0 0 10
3E 0 0 10
3F 0 0 10
40 0 0 10
41 0 0 10
42 0 0 10
43 0 0 10
44 0 0 10
45 0 0 10
46 0 0 10
47 0 0 10
48 0 0 10
49 0 0 10
4A 0 0 10
4B 0 0 10
4C 0 0 10
4D 0 0 10
4E 0 0 10
4F 0 0 10
50 0 0 10
51 0 0 10
52 0 0 10
53 0 0 10
54 0 0 10
55 0 0 10
56 0 0 10
57 0 0 10
58 0 0 10
59 0 0 10
5A 0 0 10
5B 0 0 10
5C 0 0 10
5D 0 0 10
5E 0 0 10
5F 0 0 10
60 0 0 10
61 0 0 10
62 0 0 10
63 0 0 10
64 0 0 10
65 0 0 10
66 0 0 10
67 0 0 10
68 0 0 10
69 0 0 10
6A 0 0 10
6B 0 0 10
6C 0 0 10
6D 0 0 10
6E 0 0 10
6F 0 0 10
70 0 0 10
71 0 0 10
72 0 0 10
73 0 0 10
74 0 0 10
75 0 0 10
76 0 0 10
77 0 0 10
78 0 0 10
79 0 0 10
7A 0 0 10
7B 0 0 10
7C 0 0 10
7D 0 0 10
7E 0 0 10
7F 0 0 10
80 0 0 10
81 0 0 10
82 0 0 10
83 0 0 10
84 0 0 10
85 0 0 10
86 0 0 10
87 0 0 10
88 0 0 10
89 0 0 10
8A 0 0 10
8B 0 0 10
8C 0 0 10
8D 0 0 10
8E 0 0 10
8F 0 0 10
90 0 0 10
91 0 0 10
92 0 0 10
93 0 0 10
94 0 0 10
95 0 0 10
96 0 0 10
97 0 0 10
98 0 0 10
99 0 0 10
9A 0 0 10
9B 0 0 10
9C 0 0 10
9D 0 0 10
9E 0 0 10
9F 0 0 10
A0 0 0 10
A1 0 0 10
A2 0 0 10
A3 0 0 10
A4 0 0 10
A5 0 0 10
A6 0 0 10
A7 0 0 10
A8 0 0 10
A9 0 0 10
AA 0 0 10
AB 0 0 10
AC 0 0 10
AD 0 0 10
AE 0 0 10
AF 0 0 10
B0 0 0 10
B1 0 0 10
B2 0 0 10
B3 0 0 10
B4 0 0 10
B5 0 0 10
B6 0 0 10
B7 0 0 10
B8 0 0 10
B9 0 0 10
BA 0 0 10
BB 0 0 10
BC 0 0 10
BD 0 0 10
BE 0 0 10
BF 0 0 10
C0 0 0 10
C1 0 0 10
C2 0 0 10
C3 0 0 10
C4 0 0 10
C5 0 0 10
C6 0 0 10
C7 0 0 10
C8 0 0 10
C9 0 0 10
CA 0 0 10
CB 0 0 10
CC 0 0 10
CD 0 0 10
CE 0 0 10
CF 0 0 10
D0 0 0 10
D1 0 0 10
D2 0 0 10
D3 0 0 10
D4 0 0 10
D5 0 0 10
D6 0 0 10
D7 0 0 10
D8 0 0 10
D9 0 0 10
DA 0 0 10
DB 0 0 10
DC 0 0 10
DD 0 0 10
DE 0 0 10
DF 0 0 10
E0 0 0 10
E1 0 0 10
E2 0 0 10
E3 0 0 10
E4 0 0 10
E5 0 0 10
E6 0 0 10
E7 0 0 10
E8 0 0 10
E9 0 0 10
EA 0 0 10
EB 0 0 10
EC 0 0 10
ED 0 0 10
EE 0 0 10
EF 0 0 10
F0 0 0 10
F1 0 0 10
F2 0 0 10
F3 0 0 10
F4 0 0 10
F5 0 0 10
F6 0 0 10
F7 0 0 10
F8 0 0 10
F9 0 0 10
FA 0 0 10
00 0 0 10
01 0 0 10
02 0 0 10
03 0 0 10
04 0 0 10
05 0 0 10
06 0 0 10
07 0 0 10
08 0 0 10
09 0 0 10
0A 0 0 10
0B 0 0 10
0C 0 0 10
0D 0 0 10
0E 0 0 10
0F 0 0 10
10 0 0 10
11 0 0 10
12 0 0 10
13 0 0 10
14 0 0 10
15 0 0 10
16 0 0 10
17 0 0 10
18 0 0 10
19 0 0 10
1A 0 0 10
1B 0 0 10
1C 0 0 10
1D 0 0 10
1E 0 0 10
1F 0 0 10
20 0 0 10
21 0 0 10
22 0 0 10
23 0 0 10
24 0 0 10
25 0 0 10
26 0 0 10
27 0 0 10
28 0 0 10
29 0 0 10
2A 0 0 10
2B 0 0 10
2C 0 0 10
2D 0 0 10
2E 0 0 10
2F 0 0 10
30 0 0 10
31 0 0 10
32 0 0 10
33 0 0 10
34 0 0 10
35 0 0 10
36 0 0 10
37 0 0 10
38 0 0 10
39 0 0 10
3A 0 0 10
3B 0 0 10
3C 0 0 10
3D 0 0 10
3E 0 0 10
3F 0 0 10
40 0 0 10
41 0 0 10
42 0 0 10
43 0 0 10
44 0 0 10
45 0 0 10
46 0 0 10
47 0 0 10
48 0 0 10
49 0 0 10
4A 0 0 10
4B 0 0 10
4C 0 0 10
4D 0 0 10
4E 0 0 10
4F 0 0 10
50 0 0 10
51 0 0 10
52 0 0 10
53 0 0 10
54 0 0 10
55 0 0 10
56 0 0 10
57 0 0 10
58 0 0 10
59 0 0 10
5A 0 0 10
5B 0 0 10
5C 0 0 10
5D 0 0 10
5E 0 0 10
5F 0 0 10
60 0 0 10
61 0 0 10
62 0 0 10
63 0 0 10
64 0 0 10
65 0 0 10
66 0 0 10
67 0 0 10
68 0 0 10
69 0 0 10
6A 0 0 10
6B 0 0 10
6C 0 0 10
6D 0 0 10
6E 0 0 10
6F 0 0 10
70 0 0 10
71 0 0 10
72 0 0 10
73 0 0 10
74 0 0 10
75 0 0 10
76 0 0 10
77 0 0 10
78 0 0 10
79 0 0 10
7A 0 0 10
7B 0 0 10
7C 0 0 10
7D 0 0 10
7E 0 0 10
7F 0 0 10
80 0 0 10
81 0 0 10
82 0 0 10
83 0 0 10
84 0 0 10
85 0 0 10
86 0 0 10
87 0 0 10
88 0 0 10
89 0 0 10
8A 0 0 10
8B 0 0 10
8C 0 0 10
8D 0 0 10
8E 0 0 10
8F 0 0 10
90 0 0 10
91 0 0 10
92 0 0 10
93 0 0 10
94 0 0 10
95 0 0 10
96 0 0 10
97 0 0 10
98 0 0 10
99 0 0 10
9A 0 0 10
9B 0 0 10
9C 0 0 10
9D 0 0 10
9E 0 0 10
9F 0 0 10
A0 0 0 10
A1 0 0 10
A2 0 0 10
A3 0 0 10
A4 0 0 10
A5 0 0 10
A6 0 0 10
A7 0 0 10
A8 0 0 10
A9 0 0 10
AA 0 0 10
AB 0 0 10
AC 0 0 10
AD 0 0 10
AE 0 0 10
AF 0 0 10
B0 0 0 10
B1 0 0 10
B2 0 0 10
B3 0 0 10
B4 0 0 10
B5 0 0 10
B6 0 0 10
B7 0 0 10
B8 0 0 10
B9 0 0 10
BA 0 0 10
BB 0 0 10
BC 0 0 10
BD 0 0 10
BE 0 0 10
BF 0 0 10
C0 0 0 10
C1 0 0 10
C2 0 0 10
C3 0 0 10
C4 0 0 10
C5 0 0 10
C6 0 0 10
C7 0 0 10
C8 0 0 10
C9 0 0 10
CA 0 0 10
CB 0 0 10
CC 0 0 10
CD 0 0 10
CE 0 0 10
CF 0 0 10
D0 0 0 10
D1 0 0 10
D2 0 0 10
D3 0 0 10
D4 0 0 10
D5 0 0 10
D6 0 0 10
D7 0 0 10
D8 0 0 10
D9 0 0 10
DA 0 0 10
DB 0 0 10
DC 0 0 10
DD 0 0 10
DE 0 0 10
DF 0 0 10
E0 0 0 10
E1 0 0 10
E2 0 0 10
E3 0 0 10
E4 0 0 10
E5 0 0 10
E6 0 0 10
E7 0 0 10
E8 0 0 10
E9 0 0 10
EA 0 0 10
EB 0 0 10
EC 0 0 10
ED 0 0 10
EE 0 0 10
EF 0 0 10
F0 0 0 10
F1 0 0 10
F2 0 0 10
F3 0 0 10
F4 0 0 10
F5 0 0 10
F6 0 0 10
F7 0 0 10
F8 0 0 10
F9 0 0 10
FA 0 0 10
00 0 0 10
01 0 0 10
02 0 0 10
03 0 0 10
04 0 0 10
05 0 0 10
06 0 0 10
07 0 0 10
08 0 0 10
09 0 0 10
0A 0 0 10
0B 0 0 10
0C 0 0 10
0D 0 0 10
0E 0 0 10
0F 0 0 10
10 0 0 10
11 0 0 10
12 0 0 10
13 0 0 10
14 0 0 10
15 0 0 10
16 0 0 10
17 0 0 10
18 0 0 10
19 0 0 10
1A 0 0 10
1B 0 0 10
1C 0 0 10
1D 0 0 10
1E 0 0 10
1F 0 0 10
20 0 0 10
21 0 0 10
22 0 0 10
23 0 0 10
24 0 0 10
25 0 0 10
26 0 0 10
27 0 0 10
28 0 0 10
29 0 0 10
2A 0 0 10
2B 0 0 10
2C 0 0 10
2D 0 0 10
2E 0 0 10
2F 0 0 10
30 0 0 10
31 0 0 10
32 0 0 10
33 0 0 10
34 0 0 10
35 0 0 10
36 0 0 10
37 0 0 10
38 0 0 10
39 0 0 10
3A 0 0 10
3B 0 0 10
3C 0 0 10
3D 0 0 10
3E 0 0 10
3F 0 0 10
40 0 0 10
41 0 0 10
42 0 0 10
43 0 0 10
44 0 0 10
45 0 0 10
46 0 0 10
47 0 0 10
48 0 0 10
49 0 0 10
4A 0 0 10
4B 0 0 10
4C 0 0 10
4D 0 0 10
4E 0 0 10
4F 0 0 10
50 0 0 10
51 0 0 10
52 0 0 10
53 0 0 10
54 0 0 10
55 0 0 10
56 0 0 10
57 0 0 10
58 0 0 10
59 0 0 10
5A 0 0 10
5B 0 0 10
5C 0 0 10
5D 0 0 10
5E 0 0 10
5F 0 0 10
60 0 0 10
61 0 0 10
62 0 0 10
63 0 0 10
64 0 0 10
65 0 0 10
66 0 0 10
67 0 0 10
68 0 0 10
69 0 0 10
6A 0 0 10
6B 0 0 10
6C 0 0 10
6D 0 0 10
6E 0 0 10
6F 0 0 10
70 0 0 10
71 0 0 10
72 0 0 10
73 0 0 10
74 0 0 10
75 0 0 10
76 0 0 10
77 0 0 10
78 0 0 10
79 0 0 10
7A 0 0 10
7B 0 0 10
7C 0 0 10
7D 0 0 10
7E 0 0 10
7F 0 0 10
80 0 0 10
81 0 0 10
82 0 0 10
83 0 0 10
84 0 0 10
85 0 0 10
86 0 0 10
87 0 0 10
88 0 0 10
89 0 0 10
8A 0 0 10
8B 0 0 10
8C 0 0 10
8D 0 0 10
8E 0 0 10
8F 0 0 10
90 0 0 10
91 0 0 10
92 0 0 10
93 0 0 10
94 0 0 10
95 0 0 10
96 0 0 10
97 0 0 10
98 0 0 10
99 0 0 10
9A 0 0 10
9B 0 0 10
9C 0 0 10
9D 0 0 10
9E 0 0 10
9F 0 0 10
A0 0 0 10
A1 0 0 10
A2 0 0 10
A3 0 0 10
A4 0 0 10
A5 0 0 10
A6 0 0 10
A7 0 0 10
A8 0 0 10
A9 0 0 10
AA 0 0 10
AB 0 0 10
AC 0 0 10
AD 0 0 10
AE 0 0 10
AF 0 0 10
B0 0 0 10
B1 0 0 10
B2 0 0 10
B3 0 0 10
B4 0 0 10
B5 0 0 10
B6 0 0 10
B7 0 0 10
B8 0 0 10
B9 0 0 10
BA 0 0 10
BB 0 0 10
BC 0 0 10
BD 0 0 10
BE 0 0 10
BF 0 0 10
C0 0 0 10
C1 0 0 10
C2 0 0 10
C3 0 0 10
C4 0 0 10
C5 0 0 10
C6 0 0 10
C7 0 0 10
C8 0 0 10
C9 0 0 10
CA 0 0 10
CB 0 0 10
CC 0 0 10
CD 0 0 10
CE 0 0 10
CF 0 0 10
D0 0 0 10
D1 0 0 10
D2 0 0 10
D3 0 0 10
D4 0 0 10
D5 0 0 10
D6 0 0 10
D7 0 0 10
D8 0 0 10
D9 0 0 10
DA 0 0 10
DB 0 0 10
DC 0 0 10
DD 0 0 10
DE 0 0 10
DF 0 0 10
E0 0 0 10
E1 0 0 10
E2 0 0 10
E3 0 0 10
E4 0 0 10
E5 0 0 10
E6 0 0 10
E7 0 0 10
E8 0 0 10
E9 0 0 10
EA 0 0 10
EB 0 0 10
EC 0 0 10
ED 0 0 10
EE 0 0 10
EF 0 0 10
F0 0 0 10
F1 0 0 10
F2 0 0 10
F3 0 0 10
F4 0 0 10
F5 0 0 10
F6 0 0 10
F7 0 0 10
F8 0 0 10
F9 0 0 10
FA 0 0 10
00 0 0 10
01 0 0 10
02 0 0 10
03 0 0 10
04 0 0 10
05 0 0 10
06 0 0 10
07 0 0 10
08 0 0 10
09 0 0 10
0A 0 0 10
0B 0 0 10
0C 0 0 10
0D 0 0 10
0E 0 0 10
0F 0 0 10
10 0 0 10
11 0 0 10
12 0 0 10
13 0 0 10
14 0 0 10
15 0 0 10
16 0 0 10
17 0 0 10
18 0 0 10
19 0 0 10
1A 0 0 10
1B 0 0 10
1C 0 0 10
1D 0 0 10
1E 0 0 10
1F 0 0 10
20 0 0 10
21 0 0 10
22 0 0 10
23 0 0 10
24 0 0 10
25 0 0 10
26 0 0 10
27 0 0 10
28 0 0 10
29 0 0 10
2A 0 0 10
2B 0 0 10
2C 0 0 10
2D 0 0 10
2E 0 0 10
2F 0 0 10
30 0 0 10
31 0 0 10
32 0 0 10
33 0 0 10
34 0 0 10
35 0 0 10
36 0 0 10
37 0 0 10
38 0 0 10
39 0 0 10
3A 0 0 10
3B 0 0 10
3C 0 0 10
3D 0 0 10
3E 0 0 10
3F 0 0 10
40 0 0 10
41 0 0 10
42 0 0 10
43 0 0 10
44 0 0 10
45 0 0 10
46 0 0 10
47 0 0 10
48 0 0 10
49 0 0 10
4A 0 0 10
4B 0 0 10
4C 0 0 10
4D 0 0 10
4E 0 0 10
4F 0 0 10
50 0 0 10
51 0 0 10
52 0 0 10
53 0 0 10
54 0 0 10
55 0 0 10
56 0 0 10
57 0 0 10
58 0 0 10
59 0 0 10
5A 0 0 10
5B 0 0 10
5C 0 0 10
5D 0 0 10
5E 0 0 10
5F 0 0 10
60 0 0 10
61 0 0 10
62 0 0 10
63 0 0 10
64 0 0 10
65 0 0 10
66 0 0 10
67 0 0 10
68 0 0 10
69 0 0 10
6A 0 0 10
6B 0 0 10
6C 0 0 10
6D 0 0 10
6E 0 0 10
6F 0 0 10
70 0 0 10
71 0 0 10
72 0 0 10
73 0 0 10
74 0 0 10
75 0 0 10
76 0 0 10
77 0 0 10
78 0 0 10
79 0 0 10
7A 0 0 10
7B 0 0 10
7C 0 0 10
7D 0 0 10
7E 0 0 10
7F 0 0 10
80 0 0 10
81 0 0 10
82 0 0 10
83 0 0 10
84 0 0 10
85 0 0 10
86 0 0 10
87 0 0 10
88 0 0 10
89 0 0 10
8A 0 0 10
8B 0 0 10
8C 0 0 10
8D 0 0 10
8E 0 0 10
8F 0 0 10
90 0 0 10
91 0 0 10
92 0 0 10
93 0 0 10
94 0 0 10
95 0 0 10
96 0 0 10
97 0 0 10
98 0 0 10
99 0 0 10
9A 0 0 10
9B 0 0 10
9C 0 0 10
9D 0 0 10
9E 0 0 10
9F 0 0 10
A0 0 0 10
A1 0 0 10
A2 0 0 10
A3 0 0 10
A4 0 0 10
A5 0 0 10
A6 0 0 10
A7 0 0 10
A8 0 0 10
A9 0 0 10
AA 0 0 10
AB 0 0 10
AC 0 0 10
AD 0 0 10
AE 0 0 10
AF 0 0 10
B0 0 0 10
B1 0 0 10
B2 0 0 10
B3 0 0 10
B4 0 0 10
B5 0 0 10
B6 0 0 10
B7 0 0 10
B8 0 0 10
B9 0 0 10
BA 0 0 10
BB 0 0 10
BC 0 0 10
BD 0 0 10
BE 0 0 10
BF 0 0 10
C0 0 0 10
C1 0 0 10
C2 0 0 10
C3 0 0 10
C4 0 0 10
C5 0 0 10
C6 0 0 10
C7 0 0 10
C8 0 0 10
C9 0 0 10
CA 0 0 10
CB 0 0 10
CC 0 0 10
CD 0 0 10
CE 0 0 10
CF 0 0 10
D0 0 0 10
D1 0 0 10
D2 0 0 10
D3 0 0 10
D4 0 0 10
D5 0 0 10
D6 0 0 10
D7 0 0 10
D8 0 0 10
D9 0 0 10
DA 0 0 10
DB 0 0 10
DC 0 0 10
DD 0 0 10
DE 0 0 10
DF 0 0 10
E0 0 0 10
E1 0 0 10
E2 0 0 10
E3 0 0 10
E4 0 0 10
E5 0 0 10
E6 0 0 10
E7 0 0 10
E8 0 0 10
E9 0 0 10
EA 0 0 10
EB 0 0 10
EC 0 0 10
ED 0 0 10
EE 0 0 10
EF 0 0 10
F0 0 0 10
F1 0 0 10
F2 0 0 10
F3 0 0 10
F4 0 0 10
F5 0 0 10
F6 0 0 10
F7 0 0 10
F8 0 0 10
F9 0 0 10
FA 0 0 10
00 0 0 10
01 0 0 10
02 0 0 10
03 0 0 10
04 0 0 10
05 1 1 10
00 0 0 11
0A 0 0 11
35 0 0 11
01 0 0 11
02 0 0 11
03 0 0 11
DE 0 0 11
AD 0 0 11
BE 0 0 11
EF 0 0 11
00 0 0 11
01 0 0 11
08 0 0 11
00 0 0 11
0B 0 0 11
0C 0 0 11
0D 0 0 11
0E 0 0 11
0F 0 0 11
10 0 0 11
11 0 0 11
12 0 0 11
13 0 0 11
14 0 0 11
15 0 0 11
16 0 0 11
17 0 0 11
18 0 0 11
19 0 0 11
1A 0 0 11
1B 0 0 11
1C 0 0 11
1D 0 0 11
1E 0 0 11
1F 0 0 11
20 0 0 11
21 0 0 11
22 0 0 11
23 0 0 11
24 0 0 11
25 0 0 11
26 0 0 11
27 0 0 11
28 0 0 11
29 0 0 11
2A 0 0 11
2B 0 0 11
2C 0 0 11
2D 0 0 11
2E 0 0 11
2F 0 0 11
30 0 0 11
31 0 0 11
32 0 0 11
33 0 0 11
34 0 0 11
35 0 0 11
36 0 0 11
37 0 0 11
38 0 0 11
39 0 0 11
3A 0 0 11
3B 0 0 11
3C 0 0 11
3D 0 0 11
3E 0 0 11
3F 0 0 11
40 0 0 11
41 0 0 11
42 0 0 11
43 0 0 11
44 0 0 11
45 0 0 11
46 0 0 11
47 0 0 11
48 0 0 11
49 0 0 11
4A 0 0 11
4B 0 0 11
4C 0 0 11
4D 0 0 11
4E 0 0 11
4F 0 0 11
50 0 0 11
51 0 0 11
52 0 0 11
53 0 0 11
54 0 0 11
55 0 0 11
56 0 0 11
57 0 0 11
58 0 0 11
59 0 0 11
5A 0 0 11
5B 0 0 11
5C 0 0 11
5D 0 0 11
5E 0 0 11
5F 0 0 11
60 0 0 11
61 0 0 11
62 0 0 11
63 0 0 11
64 0 0 11
65 0 0 11
66 0 0 11
67 0 0 11
68 0 0 11
69 0 0 11
6A 0 0 11
6B 0 0 11
6C 0 0 11
6D 0 0 11
6E 0 0 11
6F 0 0 11
70 0 0 11
71 0 0 11
72 0 0 11
73 0 0 11
74 0 0 11
75 0 0 11
76 0 0 11
77 0 0 11
78 0 0 11
79 0 0 11
7A 0 0 11
7B 0 0 11
7C 0 0 11
7D 0 0 11
7E 0 0 11
7F 0 0 11
80 0 0 11
81 0 0 11
82 0 0 11
83 0 0 11
84 0 0 11
85 0 0 11
86 0 0 11
87 0 0 11
88 0 0 11
89 0 0 11
8A 0 0 11
8B 0 0 11
8C 0 0 11
8D 0 0 11
8E 0 0 11
8F 0 0 11
90 0 0 11
91 0 0 11
92 0 0 11
93 0 0 11
94 0 0 11
95 0 0 11
96 0 0 11
97 0 0 11
98 0 0 11
99 0 0 11
9A 0 0 11
9B 0 0 11
9C 0 0 11
9D 0 0 11
9E 0 0 11
9F 0 0 11
A0 0 0 11
A1 0 0 11
A2 0 0 11
A3 0 0 11
A4 0 0 11
A5 0 0 11
A6 0 0 11
A7 0 0 11
A8 0 0 11
A9 0 0 11
AA 0 0 11
AB 0 0 11
AC 0 0 11
AD 0 0 11
AE 0 0 11
AF 0 0 11
B0 0 0 11
B1 0 0 11
B2 0 0 11
B3 0 0 11
B4 0 0 11
B5 0 0 11
B6 0 0 11
B7 0 0 11
B8 0 0 11
B9 0 0 11
BA 0 0 11
BB 0 0 11
BC 0 0 11
BD 0 0 11
BE 0 0 11
BF 0 0 11
C0 0 0 11
C1 0 0 11
C2 0 0 11
C3 0 0 11
C4 0 0 11
C5 0 0 11
C6 0 0 11
C7 0 0 11
C8 0 0 11
C9 0 0 11
CA 0 0 11
CB 0 0 11
CC 0 0 11
CD 0 0 11
CE 0 0 11
CF 0 0 11
D0 0 0 11
D1 0 0 11
D2 0 0 11
D3 0 0 11
D4 0 0 11
D5 0 0 11
D6 0 0 11
D7 0 0 11
D8 0 0 11
D9 0 0 11
DA 0 0 11
DB 0 0 11
DC 0 0 11
DD 0 0 11
DE 0 0 11
DF 0 0 11
E0 0 0 11
E1 0 0 11
E2 0 0 11
E3 0 0 11
E4 0 0 11
E5 0 0 11
E6 0 0 11
E7 0 0 11
E8 0 0 11
E9 0 0 11
EA 0 0 11
EB 0 0 11
EC 0 0 11
ED 0 0 11
EE 0 0 11
EF 0 0 11
F0 0 0 11
F1 0 0 11
F2 0 0 11
F3 0 0 11
F4 0 0 11
F5 0 0 11
F6 0 0 11
F7 0 0 11
F8 0 0 11
F9 0 0 11
FA 0 0 11
00 0 0 11
01 0 0 11
02 0 0 11
03 0 0 11
04 0 0 11
05 0 0 11
06 0 0 11
07 0 0 11
08 0 0 11
09 0 0 11
0A 0 0 11
0B 0 0 11
0C 0 0 11
0D 0 0 11
0E 0 0 11
0F 0 0 11
10 0 0 11
11 0 0 11
12 0 0 11
13 0 0 11
14 0 0 11
15 0 0 11
16 0 0 11
17 0 0 11
18 0 0 11
19 0 0 11
1A 0 0 11
1B 0 0 11
1C 0 0 11
1D 0 0 11
1E 0 0 11
1F 0 0 11
20 0 0 11
21 0 0 11
22 0 0 11
23 0 0 11
24 0 0 11
25 0 0 11
26 0 0 11
27 0 0 11
28 0 0 11
29 0 0 11
2A 0 0 11
2B 0 0 11
2C 0 0 11
2D 0 0 11
2E 0 0 11
2F 0 0 11
30 0 0 11
31 0 0 11
32 0 0 11
33 0 0 11
34 0 0 11
35 0 0 11
36 0 0 11
37 0 0 11
38 0 0 11
39 0 0 11
3A 0 0 11
3B 0 0 11
3C 0 0 11
3D 0 0 11
3E 0 0 11
3F 0 0 11
40 0 0 11
41 0 0 11
42 0 0 11
43 0 0 11
44 0 0 11
45 0 0 11
46 0 0 11
47 0 0 11
48 0 0 11
49 0 0 11
4A 0 0 11
4B 0 0 11
4C 0 0 11
4D 0 0 11
4E 0 0 11
4F 0 0 11
50 0 0 11
51 0 0 11
52 0 0 11
53 0 0 11
54 0 0 11
55 0 0 11
56 0 0 11
57 0 0 11
58 0 0 11
59 0 0 11
5A 0 0 11
5B 0 0 11
5C 0 0 11
5D 0 0 11
5E 0 0 11
5F 0 0 11
60 0 0 11
61 0 0 11
62 0 0 11
63 0 0 11
64 0 0 11
65 0 0 11
66 0 0 11
67 0 0 11
68 0 0 11
69 0 0 11
6A 0 0 11
6B 0 0 11
6C 0 0 11
6D 0 0 11
6E 0 0 11
6F 0 0 11
70 0 0 11
71 0 0 11
72 0 0 11
73 0 0 11
74 0 0 11
75 0 0 11
76 0 0 11
77 0 0 11
78 0 0 11
79 0 0 11
7A 0 0 11
7B 0 0 11
7C 0 0 11
7D 0 0 11
7E 0 0 11
7F 0 0 11
80 0 0 11
81 0 0 11
82 0 0 11
83 0 0 11
84 0 0 11
85 0 0 11
86 0 0 11
87 0 0 11
88 0 0 11
89 0 0 11
8A 0 0 11
8B 0 0 11
8C 0 0 11
8D 0 0 11
8E 0 0 11
8F 0 0 11
90 0 0 11
91 0 0 11
92 0 0 11
93 0 0 11
94 0 0 11
95 0 0 11
96 0 0 11
97 0 0 11
98 0 0 11
99 0 0 11
9A 0 0 11
9B 0 0 11
9C 0 0 11
9D 0 0 11
9E 0 0 11
9F 0 0 11
A0 0 0 11
A1 0 0 11
A2 0 0 11
A3 0 0 11
A4 0 0 11
A5 0 0 11
A6 0 0 11
A7 0 0 11
A8 0 0 11
A9 0 0 11
AA 0 0 11
AB 0 0 11
AC 0 0 11
AD 0 0 11
AE 0 0 11
AF 0 0 11
B0 0 0 11
B1 0 0 11
B2 0 0 11
B3 0 0 11
B4 0 0 11
B5 0 0 11
B6 0 0 11
B7 0 0 11
B8 0 0 11
B9 0 0 11
BA 0 0 11
BB 0 0 11
BC 0 0 11
BD 0 0 11
BE 0 0 11
BF 0 0 11
C0 0 0 11
C1 0 0 11
C2 0 0 11
C3 0 0 11
C4 0 0 11
C5 0 0 11
C6 0 0 11
C7 0 0 11
C8 0 0 11
C9 0 0 11
CA 0 0 11
CB 0 0 11
CC 0 0 11
CD 0 0 11
CE 0 0 11
CF 0 0 11
D0 0 0 11
D1 0 0 11
D2 0 0 11
D3 0 0 11
D4 0 0 11
D5 0 0 11
D6 0 0 11
D7 0 0 11
D8 0 0 11
D9 0 0 11
DA 0 0 11
DB 0 0 11
DC 0 0 11
DD 0 0 11
DE 0 0 11
DF 0 0 11
E0 0 0 11
E1 0 0 11
E2 0 0 11
E3 0 0 11
E4 0 0 11
E5 0 0 11
E6 0 0 11
E7 0 0 11
E8 0 0 11
E9 0 0 11
EA 0 0 11
EB 0 0 11
EC 0 0 11
ED 0 0 11
EE 0 0 11
EF 0 0 11
F0 0 0 11
F1 0 0 11
F2 0 0 11
F3 0 0 11
F4 0 0 11
F5 0 0 11
F6 0 0 11
F7 0 0 11
F8 0 0 11
F9 0 0 11
FA 0 0 11
00 0 0 11
01 0 0 11
02 0 0 11
03 0 0 11
04 0 0 11
05 0 0 11
06 0 0 11
07 0 0 11
08 0 0 11
09 0 0 11
0A 0 0 11
0B 0 0 11
0C 0 0 11
0D 0 0 11
0E 0 0 11
0F 0 0 11
10 0 0 11
11 0 0 11
12 0 0 11
13 0 0 11
14 0 0 11
15 0 0 11
16 0 0 11
17 0 0 11
18 0 0 11
19 0 0 11
1A 0 0 11
1B 0 0 11
1C 0 0 11
1D 0 0 11
1E 0 0 11
1F 0 0 11
20 0 0 11
21 0 0 11
22 0 0 11
23 0 0 11
24 0 0 11
25 0 0 11
26 0 0 11
27 0 0 11
28 0 0 11
29 0 0 11
2A 0 0 11
2B 0 0 11
2C 0 0 11
2D 0 0 11
2E 0 0 11
2F 0 0 11
30 0 0 11
31 0 0 11
32 0 0 11
33 0 0 11
34 0 0 11
35 0 0 11
36 0 0 11
37 0 0 11
38 0 0 11
39 0 0 11
3A 0 0 11
3B 0 0 11
3C 0 0 11
3D 0 0 11
3E 0 0 11
3F 0 0 11
40 0 0 11
41 0 0 11
42 0 0 11
43 0 0 11
44 0 0 11
45 0 0 11
46 0 0 11
47 0 0 11
48 0 0 11
49 0 0 11
4A 0 0 11
4B 0 0 11
4C 0 0 11
4D 0 0 11
4E 0 0 11
4F 0 0 11
50 0 0 11
51 0 0 11
52 0 0 11
53 0 0 11
54 0 0 11
55 0 0 11
56 0 0 11
57 0 0 11
58 0 0 11
59 0 0 11
5A 0 0 11
5B 0 0 11
5C 0 0 11
5D 0 0 11
5E 0 0 11
5F 0 0 11
60 0 0 11
61 0 0 11
62 0 0 11
63 0 0 11
64 0 0 11
65 0 0 11
66 0 0 11
67 0 0 11
68 0 0 11
69 0 0 11
6A 0 0 11
6B 0 0 11
6C 0 0 11
6D 0 0 11
6E 0 0 11
6F 0 0 11
70 0 0 11
71 0 0 11
72 0 0 11
73 0 0 11
74 0 0 11
75 0 0 11
76 0 0 11
77 0 0 11
78 0 0 11
79 0 0 11
7A 0 0 11
7B 0 0 11
7C 0 0 11
7D 0 0 11
7E 0 0 11
7F 0 0 11
80 0 0 11
81 0 0 11
82 0 0 11
83 0 0 11
84 0 0 11
85 0 0 11
86 0 0 11
87 0 0 11
88 0 0 11
89 0 0 11
8A 0 0 11
8B 0 0 11
8C 0 0 11
8D 0 0 11
8E 0 0 11
8F 0 0 11
90 0 0 11
91 0 0 11
92 0 0 11
93 0 0 11
94 0 0 11
95 0 0 11
96 0 0 11
97 0 0 11
98 0 0 11
99 0 0 11
9A 0 0 11
9B 0 0 11
9C 0 0 11
9D 0 0 11
9E 0 0 11
9F 0 0 11
A0 0 0 11
A1 0 0 11
A2 0 0 11
A3 0 0 11
A4 0 0 11
A5 0 0 11
A6 0 0 11
A7 0 0 11
A8 0 0 11
A9 0 0 11
AA 0 0 11
AB 0 0 11
AC 0 0 11
AD 0 0 11
AE 0 0 11
AF 0 0 11
B0 0 0 11
B1 0 0 11
B2 0 0 11
B3 0 0 11
B4 0 0 11
B5 0 0 11
B6 0 0 11
B7 0 0 11
B8 0 0 11
B9 0 0 11
BA 0 0 11
BB 0 0 11
BC 0 0 11
BD 0 0 11
BE 0 0 11
BF 0 0 11
C0 0 0 11
C1 0 0 11
C2 0 0 11
C3 0 0 11
C4 0 0 11
C5 0 0 11
C6 0 0 11
C7 0 0 11
C8 0 0 11
C9 0 0 11
CA 0 0 11
CB 0 0 11
CC 0 0 11
CD 0 0 11
CE 0 0 11
CF 0 0 11
D0 0 0 11
D1 0 0 11
D2 0 0 11
D3 0 0 11
D4 0 0 11
D5 0 0 11
D6 0 0 11
D7 0 0 11
D8 0 0 11
D9 0 0 11
DA 0 0 11
DB 0 0 11
DC 0 0 11
DD 0 0 11
DE 0 0 11
DF 0 0 11
E0 0 0 11
E1 0 0 11
E2 0 0 11
E3 0 0 11
E4 0 0 11
E5 0 0 11
E6 0 0 11
E7 0 0 11
E8 0 0 11
E9 0 0 11
EA 0 0 11
EB 0 0 11
EC 0 0 11
ED 0 0 11
EE 0 0 11
EF 0 0 11
F0 0 0 11
F1 0 0 11
F2 0 0 11
F3 0 0 11
F4 0 0 11
F5 0 0 11
F6 0 0 11
F7 0 0 11
F8 0 0 11
F9 0 0 11
FA 0 0 11
00 0 0 11
01 0 0 11
02 0 0 11
03 0 0 11
04 0 0 11
05 0 0 11
06 0 0 11
07 0 0 11
08 0 0 11
09 0 0 11
0A 0 0 11
0B 0 0 11
0C 0 0 11
0D 0 0 11
0E 0 0 11
0F 0 0 11
10 0 0 11
11 0 0 11
12 0 0 11
13 0 0 11
14 0 0 11
15 0 0 11
16 0 0 11
17 0 0 11
18 0 0 11
19 0 0 11
1A 0 0 11
1B 0 0 11
1C 0 0 11
1D 0 0 11
1E 0 0 11
1F 0 0 11
20 0 0 11
21 0 0 11
22 0 0 11
23 0 0 11
24 0 0 11
25 0 0 11
26 0 0 11
27 0 0 11
28 0 0 11
29 0 0 11
2A 0 0 11
2B 0 0 11
2C 0 0 11
2D 0 0 11
2E 0 0 11
2F 0 0 11
30 0 0 11
31 0 0 11
32 0 0 11
33 0 0 11
34 0 0 11
35 0 0 11
36 0 0 11
37 0 0 11
38 0 0 11
39 0 0 11
3A 0 0 11
3B 0 0 11
3C 0 0 11
3D 0 0 11
3E 0 0 11
3F 0 0 11
40 0 0 11
41 0 0 11
42 0 0 11
43 0 0 11
44 0 0 11
45 0 0 11
46 0 0 11
47 0 0 11
48 0 0 11
49 0 0 11
4A 0 0 11
4B 0 0 11
4C 0 0 11
4D 0 0 11
4E 0 0 11
4F 0 0 11
50 0 0 11
51 0 0 11
52 0 0 11
53 0 0 11
54 0 0 11
55 0 0 11
56 0 0 11
57 0 0 11
58 0 0 11
59 0 0 11
5A 0 0 11
5B 0 0 11
5C 0 0 11
5D 0 0 11
5E 0 0 11
5F 0 0 11
60 0 0 11
61 0 0 11
62 0 0 11
63 0 0 11
64 0 0 11
65 0 0 11
66 0 0 11
67 0 0 11
68 0 0 11
69 0 0 11
6A 0 0 11
6B 0 0 11
6C 0 0 11
6D 0 0 11
6E 0 0 11
6F 0 0 11
70 0 0 11
71 0 0 11
72 0 0 11
73 0 0 11
74 0 0 11
75 0 0 11
76 0 0 11
77 0 0 11
78 0 0 11
79 0 0 11
7A 0 0 11
7B 0 0 11
7C 0 0 11
7D 0 0 11
7E 0 0 11
7F 0 0 11
80 0 0 11
81 0 0 11
82 0 0 11
83 0 0 11
84 0 0 11
85 0 0 11
86 0 0 11
87 0 0 11
88 0 0 11
89 0 0 11
8A 0 0 11
8B 0 0 11
8C 0 0 11
8D 0 0 11
8E 0 0 11
8F 0 0 11
90 0 0 11
91 0 0 11
92 0 0 11
93 0 0 11
94 0 0 11
95 0 0 11
96 0 0 11
97 0 0 11
98 0 0 11
99 0 0 11
9A 0 0 11
9B 0 0 11
9C 0 0 11
9D 0 0 11
9E 0 0 11
9F 0 0 11
A0 0 0 11
A1 0 0 11
A2 0 0 11
A3 0 0 11
A4 0 0 11
A5 0 0 11
A6 0 0 11
A7 0 0 11
A8 0 0 11
A9 0 0 11
AA 0 0 11
AB 0 0 11
AC 0 0 11
AD 0 0 11
AE 0 0 11
AF 0 0 11
B0 0 0 11
B1 0 0 11
B2 0 0 11
B3 0 0 11
B4 0 0 11
B5 0 0 11
B6 0 0 11
B7 0 0 11
B8 0 0 11
B9 0 0 11
BA 0 0 11
BB 0 0 11
BC 0 0 11
BD 0 0 11
BE 0 0 11
BF 0 0 11
C0 0 0 11
C1 0 0 11
C2 0 0 11
C3 0 0 11
C4 0 0 11
C5 0 0 11
C6 0 0 11
C7 0 0 11
C8 0 0 11
C9 0 0 11
CA 0 0 11
CB 0 0 11
CC 0 0 11
CD 0 0 11
CE 0 0 11
CF 0 0 11
D0 0 0 11
D1 0 0 11
D2 0 0 11
D3 0 0 11
D4 0 0 11
D5 0 0 11
D6 0 0 11
D7 0 0 11
D8 0 0 11
D9 0 0 11
DA 0 0 11
DB 0 0 11
DC 0 0 11
DD 0 0 11
DE 0 0 11
DF 0 0 11
E0 0 0 11
E1 0 0 11
E2 0 0 11
E3 0 0 11
E4 0 0 11
E5 0 0 11
E6 0 0 11
E7 0 0 11
E8 0 0 11
E9 0 0 11
EA 0 0 11
EB 0 0 11
EC 0 0 11
ED 0 0 11
EE 0 0 11
EF 0 0 11
F0 0 0 11
F1 0 0 11
F2 0 0 11
F3 0 0 11
F4 0 0 11
F5 0 0 11
F6 0 0 11
F7 0 0 11
F8 0 0 11
F9 0 0 11
FA 0 0 11
00 0 0 11
01 0 0 11
02 0 0 11
03 0 0 11
04 0 0 11
05 0 0 11
06 0 0 11
07 0 0 11
08 0 0 11
09 0 0 11
0A 0 0 11
0B 0 0 11
0C 0 0 11
0D 0 0 11
0E 0 0 11
0F 0 0 11
10 0 0 11
11 0 0 11
12 0 0 11
13 0 0 11
14 0 0 11
15 0 0 11
16 0 0 11
17 0 0 11
18 0 0 11
19 0 0 11
1A 0 0 11
1B 0 0 11
1C 0 0 11
1D 0 0 11
1E 0 0 11
1F 0 0 11
20 0 0 11
21 0 0 11
22 0 0 11
23 0 0 11
24 0 0 11
25 0 0 11
26 0 0 11
27 0 0 11
28 0 0 11
29 0 0 11
2A 0 0 11
2B 0 0 11
2C 0 0 11
2D 0 0 11
2E 0 0 11
2F 0 0 11
30 0 0 11
31 0 0 11
32 0 0 11
33 0 0 11
34 0 0 11
35 0 0 11
36 0 0 11
37 0 0 11
38 0 0 11
39 0 0 11
3A 0 0 11
3B 0 0 11
3C 0 0 11
3D 0 0 11
3E 0 0 11
3F 0 0 11
40 0 0 11
41 0 0 11
42 0 0 11
43 0 0 11
44 0 0 11
45 0 0 11
46 0 0 11
47 0 0 11
48 0 0 11
49 0 0 11
4A 0 0 11
4B 0 0 11
4C 0 0 11
4D 0 0 11
4E 0 0 11
4F 0 0 11
50 0 0 11
51 0 0 11
52 0 0 11
53 0 0 11
54 0 0 11
55 0 0 11
56 0 0 11
57 0 0 11
58 0 0 11
59 0 0 11
5A 0 0 11
5B 0 0 11
5C 0 0 11
5D 0 0 11
5E 0 0 11
5F 0 0 11
60 0 0 11
61 0 0 11
62 0 0 11
63 0 0 11
64 0 0 11
65 0 0 11
66 0 0 11
67 0 0 11
68 0 0 11
69 0 0 11
6A 0 0 11
6B 0 0 11
6C 0 0 11
6D 0 0 11
6E 0 0 11
6F 0 0 11
70 0 0 11
71 0 0 11
72 0 0 11
73 0 0 11
74 0 0 11
75 0 0 11
76 0 0 11
77 0 0 11
78 0 0 11
79 0 0 11
7A 0 0 11
7B 0 0 11
7C 0 0 11
7D 0 0 11
7E 0 0 11
7F 0 0 11
80 0 0 11
81 0 0 11
82 0 0 11
83 0 0 11
84 0 0 11
85 0 0 11
86 0 0 11
87 0 0 11
88 0 0 11
89 0 0 11
8A 0 0 11
8B 0 0 11
8C 0 0 11
8D 0 0 11
8E 0 0 11
8F 0 0 11
90 0 0 11
91 0 0 11
92 0 0 11
93 0 0 11
94 0 0 11
95 0 0 11
96 0 0 11
97 0 0 11
98 0 0 11
99 0 0 11
9A 0 0 11
9B 0 0 11
9C 0 0 11
9D 0 0 11
9E 0 0 11
9F 0 0 11
A0 0 0 11
A1 0 0 11
A2 0 0 11
A3 0 0 11
A4 0 0 11
A5 0 0 11
A6 0 0 11
A7 0 0 11
A8 0 0 11
A9 0 0 11
AA 0 0 11
AB 0 0 11
AC 0 0 11
AD 0 0 11
AE 0 0 11
AF 0 0 11
B0 0 0 11
B1 0 0 11
B2 0 0 11
B3 0 0 11
B4 0 0 11
B5 0 0 11
B6 0 0 11
B7 0 0 11
B8 0 0 11
B9 0 0 11
BA 0 0 11
BB 0 0 11
BC 0 0 11
BD 0 0 11
BE 0 0 11
BF 0 0 11
C0 0 0 11
C1 0 0 11
C2 0 0 11
C3 0 0 11
C4 0 0 11
C5 0 0 11
C6 0 0 11
C7 0 0 11
C8 0 0 11
C9 0 0 11
CA 0 0 11
CB 0 0 11
CC 0 0 11
CD 0 0 11
CE 0 0 11
CF 0 0 11
D0 0 0 11
D1 0 0 11
D2 0 0 11
D3 0 0 11
D4 0 0 11
D5 0 0 11
D6 0 0 11
D7 0 0 11
D8 0 0 11
D9 0 0 11
DA 0 0 11
DB 0 0 11
DC 0 0 11
DD 0 0 11
DE 0 0 11
DF 0 0 11
E0 0 0 11
E1 0 0 11
E2 0 0 11
E3 0 0 11
E4 0 0 11
E5 0 0 11
E6 0 0 11
E7 0 0 11
E8 0 0 11
E9 0 0 11
EA 0 0 11
EB 0 0 11
EC 0 0 11
ED 0 0 11
EE 0 0 11
EF 0 0 11
F0 0 0 11
F1 0 0 11
F2 0 0 11
F3 0 0 11
F4 0 0 11
F5 0 0 11
F6 0 0 11
F7 0 0 11
F8 0 0 11
F9 0 0 11
FA 0 0 11
00 0 0 11
01 0 0 11
02 0 0 11
03 0 0 11
04 0 0 11
05 0 0 11
06 0 0 11
07 0 0 11
08 0 0 11
09 0 0 11
0A 0 0 11
0B 0 0 11
0C 0 0 11
0D 0 0 11
0E 0 0 11
0F 0 0 11
10 0 0 11
11 0 0 11
12 0 0 11
13 0 0 11
14 0 0 11
15 0 0 11
16 0 0 11
17 0 0 11
18 0 0 11
19 0 0 11
1A 0 0 11
1B 0 0 11
1C 0 0 11
1D 0 0 11
1E 0 0 11
1F 0 0 11
20 0 0 11
21 0 0 11
22 0 0 11
23 0 0 11
24 0 0 11
25 0 0 11
26 0 0 11
27 0 0 11
28 0 0 11
29 0 0 11
2A 0 0 11
2B 0 0 11
2C 0 0 11
2D 0 0 11
2E 0 0 11
2F 0 0 11
30 0 0 11
31 0 0 11
32 0 0 11
33 0 0 11
34 0 0 11
35 0 0 11
36 0 0 11
37 0 0 11
38 0 0 11
39 0 0 11
3A 0 0 11
3B 0 0 11
3C 0 0 11
3D 0 0 11
3E 0 0 11
3F 0 0 11
40 0 0 11
41 0 0 11
42 0 0 11
43 0 0 11
44 0 0 11
45 0 0 11
46 0 0 11
47 0 0 11
48 0 0 11
49 0 0 11
4A 0 0 11
4B 0 0 11
4C 0 0 11
4D 0 0 11
4E 0 0 11
4F 0 0 11
50 0 0 11
51 0 0 11
52 0 0 11
53 0 0 11
54 0 0 11
55 0 0 11
56 0 0 11
57 0 0 11
58 0 0 11
59 0 0 11
5A 0 0 11
5B 0 0 11
5C 0 0 11
5D 0 0 11
5E 0 0 11
5F 0 0 11
60 0 0 11
61 0 0 11
62 0 0 11
63 0 0 11
64 0 0 11
65 0 0 11
66 0 0 11
67 0 0 11
68 0 0 11
69 0 0 11
6A 0 0 11
6B 0 0 11
6C 0 0 11
6D 0 0 11
6E 0 0 11
6F 0 0 11
70 0 0 11
71 0 0 11
72 0 0 11
73 0 0 11
74 0 0 11
75 0 0 11
76 0 0 11
77 0 0 11
78 0 0 11
79 0 0 11
7A 0 0 11
7B 0 0 11
7C 0 0 11
7D 0 0 11
7E 0 0 11
7F 0 0 11
80 0 0 11
81 0 0 11
82 0 0 11
83 0 0 11
84 0 0 11
85 0 0 11
86 0 0 11
87 0 0 11
88 0 0 11
89 0 0 11
8A 0 0 11
8B 0 0 11
8C 0 0 11
8D 0 0 11
8E 0 0 11
8F 0 0 11
90 0 0 11
91 0 0 11
92 0 0 11
93 0 0 11
94 0 0 11
95 0 0 11
96 0 0 11
97 0 0 11
98 0 0 11
99 0 0 11
9A 0 0 11
9B 0 0 11
9C 0 0 11
9D 0 0 11
9E 0 0 11
9F 0 0 11
A0 0 0 11
A1 0 0 11
A2 0 0 11
A3 0 0 11
A4 0 0 11
A5 0 0 11
A6 0 0 11
A7 0 0 11
A8 0 0 11
A9 0 0 11
AA 0 0 11
AB 0 0 11
AC 0 0 11
AD 0 0 11
AE 0 0 11
AF 0 0 11
B0 0 0 11
B1 0 0 11
B2 0 0 11
B3 0 0 11
B4 0 0 11
B5 0 0 11
B6 0 0 11
B7 0 0 11
B8 0 0 11
B9 0 0 11
BA 0 0 11
BB 0 0 11
BC 0 0 11
BD 0 0 11
BE 0 0 11
BF 0 0 11
C0 0 0 11
C1 0 0 11
C2 0 0 11
C3 0 0 11
C4 0 0 11
C5 0 0 11
C6 0 0 11
C7 0 0 11
C8 0 0 11
C9 0 0 11
CA 0 0 11
CB 0 0 11
CC 0 0 11
CD 0 0 11
CE 0 0 11
CF 0 0 11
D0 0 0 11
D1 0 0 11
D2 0 0 11
D3 0 0 11
D4 0 0 11
D5 0 0 11
D6 0 0 11
D7 0 0 11
D8 0 0 11
D9 0 0 11
DA 0 0 11
DB 0 0 11
DC 0 0 11
DD 0 0 11
DE 0 0 11
DF 0 0 11
E0 0 0 11
E1 0 0 11
E2 0 0 11
E3 0 0 11
E4 0 0 11
E5 0 0 11
E6 0 0 11
E7 0 0 11
E8 0 0 11
E9 0 0 11
EA 0 0 11
EB 0 0 11
EC 0 0 11
ED 0 0 11
EE 0 0 11
EF 0 0 11
F0 0 0 11
F1 0 0 11
F2 0 0 11
F3 0 0 11
F4 0 0 11
F5 0 0 11
F6 0 0 11
F7 0 0 11
F8 0 0 11
F9 0 0 11
FA 0 0 11
00 0 0 11
01 0 0 11
02 0 0 11
03 1 1 11
00 0 0 12
0A 0 0 12
35 0 0 12
01 0 0 12
02 0 0 12
03 0 0 12
DE 0 0 12
AD 0 0 12
BE 0 0 12
EF 0 0 12
00 0 0 12
01 0 0 12
08 0 0 12
00 0 0 12
0C 0 0 12
0D 0 0 12
0E 0 0 12
0F 0 0 12
10 0 0 12
11 0 0 12
12 0 0 12
13 0 0 12
14 0 0 12
15 0 0 12
16 0 0 12
17 0 0 12
18 0 0 12
19 0 0 12
1A 0 0 12
1B 0 0 12
1C 0 0 12
1D 0 0 12
1E 0 0 12
1F 0 0 12
20 0 0 12
21 0 0 12
22 0 0 12
23 0 0 12
24 0 0 12
25 0 0 12
26 0 0 12
27 0 0 12
28 0 0 12
29 0 0 12
2A 0 0 12
2B 0 0 12
2C 0 0 12
2D 0 0 12
2E 0 0 12
2F 0 0 12
30 0 0 12
31 0 0 12
32 0 0 12
33 0 0 12
34 0 0 12
35 0 0 12
36 0 0 12
37 0 0 12
38 0 0 12
39 0 0 12
3A 0 0 12
3B 0 0 12
3C 0 0 12
3D 0 0 12
3E 0 0 12
3F 0 0 12
40 0 0 12
41 0 0 12
42 0 0 12
43 0 0 12
44 0 0 12
45 0 0 12
46 0 0 12
47 0 0 12
48 0 0 12
49 0 0 12
4A 0 0 12
4B 0 0 12
4C 0 0 12
4D 0 0 12
4E 0 0 12
4F 0 0 12
50 0 0 12
51 0 0 12
52 0 0 12
53 0 0 12
54 0 0 12
55 0 0 12
56 0 0 12
57 0 0 12
58 0 0 12
59 0 0 12
5A 0 0 12
5B 0 0 12
5C 0 0 12
5D 0 0 12
5E 0 0 12
5F 0 0 12
60 0 0 12
61 0 0 12
62 0 0 12
63 0 0 12
64 0 0 12
65 0 0 12
66 0 0 12
67 0 0 12
68 0 0 12
69 0 0 12
6A 0 0 12
6B 0 0 12
6C 0 0 12
6D 0 0 12
6E 0 0 12
6F 0 0 12
70 0 0 12
71 0 0 12
72 0 0 12
73 0 0 12
74 0 0 12
75 0 0 12
76 0 0 12
77 0 0 12
78 0 0 12
79 0 0 12
7A 0 0 12
7B 0 0 12
7C 0 0 12
7D 0 0 12
7E 0 0 12
7F 0 0 12
80 0 0 12
81 0 0 12
82 0 0 12
83 0 0 12
84 0 0 12
85 0 0 12
86 0 0 12
87 0 0 12
88 0 0 12
89 0 0 12
8A 0 0 12
8B 0 0 12
8C 0 0 12
8D 0 0 12
8E 0 0 12
8F 0 0 12
90 0 0 12
91 0 0 12
92 0 0 12
93 0 0 12
94 0 0 12
95 0 0 12
96 0 0 12
97 0 0 12
98 0 0 12
99 0 0 12
9A 0 0 12
9B 0 0 12
9C 0 0 12
9D 0 0 12
9E 0 0 12
9F 0 0 12
A0 0 0 12
A1 0 0 12
A2 0 0 12
A3 0 0 12
A4 0 0 12
A5 0 0 12
A6 0 0 12
A7 0 0 12
A8 0 0 12
A9 0 0 12
AA 0 0 12
AB 0 0 12
AC 0 0 12
AD 0 0 12
AE 0 0 12
AF 0 0 12
B0 0 0 12
B1 0 0 12
B2 0 0 12
B3 0 0 12
B4 0 0 12
B5 0 0 12
B6 0 0 12
B7 0 0 12
B8 0 0 12
B9 0 0 12
BA 0 0 12
BB 0 0 12
BC 0 0 12
BD 0 0 12
BE 0 0 12
BF 0 0 12
C0 0 0 12
C1 0 0 12
C2 0 0 12
C3 0 0 12
C4 0 0 12
C5 0 0 12
C6 0 0 12
C7 0 0 12
C8 0 0 12
C9 0 0 12
CA 0 0 12
CB 0 0 12
CC 0 0 12
CD 0 0 12
CE 0 0 12
CF 0 0 12
D0 0 0 12
D1 0 0 12
D2 0 0 12
D3 0 0 12
D4 0 0 12
D5 0 0 12
D6 0 0 12
D7 0 0 12
D8 0 0 12
D9 0 0 12
DA 0 0 12
DB 0 0 12
DC 0 0 12
DD 0 0 12
DE 0 0 12
DF 0 0 12
E0 0 0 12
E1 0 0 12
E2 0 0 12
E3 0 0 12
E4 0 0 12
E5 0 0 12
E6 0 0 12
E7 0 0 12
E8 0 0 12
E9 0 0 12
EA 0 0 12
EB 0 0 12
EC 0 0 12
ED 0 0 12
EE 0 0 12
EF 0 0 12
F0 0 0 12
F1 0 0 12
F2 0 0 12
F3 0 0 12
F4 0 0 12
F5 0 0 12
F6 0 0 12
F7 0 0 12
F8 0 0 12
F9 0 0 12
FA 0 0 12
00 0 0 12
01 0 0 12
02 0 0 12
03 0 0 12
04 0 0 12
05 0 0 12
06 0 0 12
07 0 0 12
08 0 0 12
09 0 0 12
0A 0 0 12
0B 0 0 12
0C 0 0 12
0D 0 0 12
0E 0 0 12
0F 0 0 12
10 0 0 12
11 0 0 12
12 0 0 12
13 0 0 12
14 0 0 12
15 0 0 12
16 0 0 12
17 0 0 12
18 0 0 12
19 0 0 12
1A 0 0 12
1B 0 0 12
1C 0 0 12
1D 0 0 12
1E 0 0 12
1F 0 0 12
20 0 0 12
21 0 0 12
22 0 0 12
23 0 0 12
24 0 0 12
25 0 0 12
26 0 0 12
27 0 0 12
28 0 0 12
29 0 0 12
2A 0 0 12
2B 0 0 12
2C 0 0 12
2D 0 0 12
2E 0 0 12
2F 0 0 12
30 0 0 12
31 0 0 12
32 0 0 12
33 0 0 12
34 0 0 12
35 0 0 12
36 0 0 12
37 0 0 12
38 0 0 12
39 0 0 12
3A 0 0 12
3B 0 0 12
3C 0 0 12
3D 0 0 12
3E 0 0 12
3F 0 0 12
40 0 0 12
41 0 0 12
42 0 0 12
43 0 0 12
44 0 0 12
45 0 0 12
46 0 0 12
47 0 0 12
48 0 0 12
49 0 0 12
4A 0 0 12
4B 0 0 12
4C 0 0 12
4D 0 0 12
4E 0 0 12
4F 0 0 12
50 0 0 12
51 0 0 12
52 0 0 12
53 0 0 12
54 0 0 12
55 0 0 12
56 0 0 12
57 0 0 12
58 0 0 12
59 0 0 12
5A 0 0 12
5B 0 0 12
5C 0 0 12
5D 0 0 12
5E 0 0 12
5F 0 0 12
60 0 0 12
61 0 0 12
62 0 0 12
63 0 0 12
64 0 0 12
65 0 0 12
66 0 0 12
67 0 0 12
68 0 0 12
69 0 0 12
6A 0 0 12
6B 0 0 12
6C 0 0 12
6D 0 0 12
6E 0 0 12
6F 0 0 12
70 0 0 12
71 0 0 12
72 0 0 12
73 0 0 12
74 0 0 12
75 0 0 12
76 0 0 12
77 0 0 12
78 0 0 12
79 0 0 12
7A 0 0 12
7B 0 0 12
7C 0 0 12
7D 0 0 12
7E 0 0 12
7F 0 0 12
80 0 0 12
81 0 0 12
82 0 0 12
83 0 0 12
84 0 0 12
85 0 0 12
86 0 0 12
87 0 0 12
88 0 0 12
89 0 0 12
8A 0 0 12
8B 0 0 12
8C 0 0 12
8D 0 0 12
8E 0 0 12
8F 0 0 12
90 0 0 12
91 0 0 12
92 0 0 12
93 0 0 12
94 0 0 12
95 0 0 12
96 0 0 12
97 0 0 12
98 0 0 12
99 0 0 12
9A 0 0 12
9B 0 0 12
9C 0 0 12
9D 0 0 12
9E 0 0 12
9F 0 0 12
A0 0 0 12
A1 0 0 12
A2 0 0 12
A3 0 0 12
A4 0 0 12
A5 0 0 12
A6 0 0 12
A7 0 0 12
A8 0 0 12
A9 0 0 12
AA 0 0 12
AB 0 0 12
AC 0 0 12
AD 0 0 12
AE 0 0 12
AF 0 0 12
B0 0 0 12
B1 0 0 12
B2 0 0 12
B3 0 0 12
B4 0 0 12
B5 0 0 12
B6 0 0 12
B7 0 0 12
B8 0 0 12
B9 0 0 12
BA 0 0 12
BB 0 0 12
BC 0 0 12
BD 0 0 12
BE 0 0 12
BF 0 0 12
C0 0 0 12
C1 0 0 12
C2 0 0 12
C3 0 0 12
C4 0 0 12
C5 0 0 12
C6 0 0 12
C7 0 0 12
C8 0 0 12
C9 0 0 12
CA 0 0 12
CB 0 0 12
CC 0 0 12
CD 0 0 12
CE 0 0 12
CF 0 0 12
D0 0 0 12
D1 0 0 12
D2 0 0 12
D3 0 0 12
D4 0 0 12
D5 0 0 12
D6 0 0 12
D7 0 0 12
D8 0 0 12
D9 0 0 12
DA 0 0 12
DB 0 0 12
DC 0 0 12
DD 0 0 12
DE 0 0 12
DF 0 0 12
E0 0 0 12
E1 0 0 12
E2 0 0 12
E3 0 0 12
E4 0 0 12
E5 0 0 12
E6 0 0 12
E7 0 0 12
E8 0 0 12
E9 0 0 12
EA 0 0 12
EB 0 0 12
EC 0 0 12
ED 0 0 12
EE 0 0 12
EF 0 0 12
F0 0 0 12
F1 0 0 12
F2 0 0 12
F3 0 0 12
F4 0 0 12
F5 0 0 12
F6 0 0 12
F7 0 0 12
F8 0 0 12
F9 0 0 12
FA 0 0 12
00 0 0 12
01 0 0 12
02 0 0 12
03 0 0 12
04 0 0 12
05 0 0 12
06 0 0 12
07 0 0 12
08 0 0 12
09 0 0 12
0A 0 0 12
0B 0 0 12
0C 0 0 12
0D 0 0 12
0E 0 0 12
0F 0 0 12
10 0 0 12
11 0 0 12
12 0 0 12
13 0 0 12
14 0 0 12
15 0 0 12
16 0 0 12
17 0 0 12
18 0 0 12
19 0 0 12
1A 0 0 12
1B 0 0 12
1C 0 0 12
1D 0 0 12
1E 0 0 12
1F 0 0 12
20 0 0 12
21 0 0 12
22 0 0 12
23 0 0 12
24 0 0 12
25 0 0 12
26 0 0 12
27 0 0 12
28 0 0 12
29 0 0 12
2A 0 0 12
2B 0 0 12
2C 0 0 12
2D 0 0 12
2E 0 0 12
2F 0 0 12
30 0 0 12
31 0 0 12
32 0 0 12
33 0 0 12
34 0 0 12
35 0 0 12
36 0 0 12
37 0 0 12
38 0 0 12
39 0 0 12
3A 0 0 12
3B 0 0 12
3C 0 0 12
3D 0 0 12
3E 0 0 12
3F 0 0 12
40 0 0 12
41 0 0 12
42 0 0 12
43 0 0 12
44 0 0 12
45 0 0 12
46 0 0 12
47 0 0 12
48 0 0 12
49 0 0 12
4A 0 0 12
4B 0 0 12
4C 0 0 12
4D 0 0 12
4E 0 0 12
4F 0 0 12
50 0 0 12
51 0 0 12
52 0 0 12
53 0 0 12
54 0 0 12
55 0 0 12
56 0 0 12
57 0 0 12
58 0 0 12
59 0 0 12
5A 0 0 12
5B 0 0 12
5C 0 0 12
5D 0 0 12
5E 0 0 12
5F 0 0 12
60 0 0 12
61 0 0 12
62 0 0 12
63 0 0 12
64 0 0 12
65 0 0 12
66 0 0 12
67 0 0 12
68 0 0 12
69 0 0 12
6A 0 0 12
6B 0 0 12
6C 0 0 12
6D 0 0 12
6E 0 0 12
6F 0 0 12
70 0 0 12
71 0 0 12
72 0 0 12
73 0 0 12
74 0 0 12
75 0 0 12
76 0 0 12
77 0 0 12
78 0 0 12
79 0 0 12
7A 0 0 12
7B 0 0 12
7C 0 0 12
7D 0 0 12
7E 0 0 12
7F 0 0 12
80 0 0 12
81 0 0 12
82 0 0 12
83 0 0 12
84 0 0 12
85 0 0 12
86 0 0 12
87 0 0 12
88 0 0 12
89 0 0 12
8A 0 0 12
8B 0 0 12
8C 0 0 12
8D 0 0 12
8E 0 0 12
8F 0 0 12
90 0 0 12
91 0 0 12
92 0 0 12
93 0 0 12
94 0 0 12
95 0 0 12
96 0 0 12
97 0 0 12
98 0 0 12
99 0 0 12
9A 0 0 12
9B 0 0 12
9C 0 0 12
9D 0 0 12
9E 0 0 12
9F 0 0 12
A0 0 0 12
A1 0 0 12
A2 0 0 12
A3 0 0 12
A4 0 0 12
A5 0 0 12
A6 0 0 12
A7 0 0 12
A8 0 0 12
A9 0 0 12
AA 0 0 12
AB 0 0 12
AC 0 0 12
AD 0 0 12
AE 0 0 12
AF 0 0 12
B0 0 0 12
B1 0 0 12
B2 0 0 12
B3 0 0 12
B4 0 0 12
B5 0 0 12
B6 0 0 12
B7 0 0 12
B8 0 0 12
B9 0 0 12
BA 0 0 12
BB 0 0 12
BC 0 0 12
BD 0 0 12
BE 0 0 12
BF 0 0 12
C0 0 0 12
C1 0 0 12
C2 0 0 12
C3 0 0 12
C4 0 0 12
C5 0 0 12
C6 0 0 12
C7 0 0 12
C8 0 0 12
C9 0 0 12
CA 0 0 12
CB 0 0 12
CC 0 0 12
CD 0 0 12
CE 0 0 12
CF 0 0 12
D0 0 0 12
D1 0 0 12
D2 0 0 12
D3 0 0 12
D4 0 0 12
D5 0 0 12
D6 0 0 12
D7 0 0 12
D8 0 0 12
D9 0 0 12
DA 0 0 12
DB 0 0 12
DC 0 0 12
DD 0 0 12
DE 0 0 12
DF 0 0 12
E0 0 0 12
E1 0 0 12
E2 0 0 12
E3 0 0 12
E4 0 0 12
E5 0 0 12
E6 0 0 12
E7 0 0 12
E8 0 0 12
E9 0 0 12
EA 0 0 12
EB 0 0 12
EC 0 0 12
ED 0 0 12
EE 0 0 12
EF 0 0 12
F0 0 0 12
F1 0 0 12
F2 0 0 12
F3 0 0 12
F4 0 0 12
F5 0 0 12
F6 0 0 12
F7 0 0 12
F8 0 0 12
F9 0 0 12
FA 0 0 12
00 0 0 12
01 0 0 12
02 0 0 12
03 0 0 12
04 0 0 12
05 0 0 12
06 0 0 12
07 0 0 12
08 0 0 12
09 0 0 12
0A 0 0 12
0B 0 0 12
0C 0 0 12
0D 0 0 12
0E 0 0 12
0F 0 0 12
10 0 0 12
11 0 0 12
12 0 0 12
13 0 0 12
14 0 0 12
15 0 0 12
16 0 0 12
17 0 0 12
18 0 0 12
19 0 0 12
1A 0 0 12
1B 0 0 12
1C 0 0 12
1D 0 0 12
1E 0 0 12
1F 0 0 12
20 0 0 12
21 0 0 12
22 0 0 12
23 0 0 12
24 0 0 12
25 0 0 12
26 0 0 12
27 0 0 12
28 0 0 12
29 0 0 12
2A 0 0 12
2B 0 0 12
2C 0 0 12
2D 0 0 12
2E 0 0 12
2F 0 0 12
30 0 0 12
31 0 0 12
32 0 0 12
33 0 0 12
34 0 0 12
35 0 0 12
36 0 0 12
37 0 0 12
38 0 0 12
39 0 0 12
3A 0 0 12
3B 0 0 12
3C 0 0 12
3D 0 0 12
3E 0 0 12
3F 0 0 12
40 0 0 12
41 0 0 12
42 0 0 12
43 0 0 12
44 0 0 12
45 0 0 12
46 0 0 12
47 0 0 12
48 0 0 12
49 0 0 12
4A 0 0 12
4B 0 0 12
4C 0 0 12
4D 0 0 12
4E 0 0 12
4F 0 0 12
50 0 0 12
51 0 0 12
52 0 0 12
53 0 0 12
54 0 0 12
55 0 0 12
56 0 0 12
57 0 0 12
58 0 0 12
59 0 0 12
5A 0 0 12
5B 0 0 12
5C 0 0 12
5D 0 0 12
5E 0 0 12
5F 0 0 12
60 0 0 12
61 0 0 12
62 0 0 12
63 0 0 12
64 0 0 12
65 0 0 12
66 0 0 12
67 0 0 12
68 0 0 12
69 0 0 12
6A 0 0 12
6B 0 0 12
6C 0 0 12
6D 0 0 12
6E 0 0 12
6F 0 0 12
70 0 0 12
71 0 0 12
72 0 0 12
73 0 0 12
74 0 0 12
75 0 0 12
76 0 0 12
77 0 0 12
78 0 0 12
79 0 0 12
7A 0 0 12
7B 0 0 12
7C 0 0 12
7D 0 0 12
7E 0 0 12
7F 0 0 12
80 0 0 12
81 0 0 12
82 0 0 12
83 0 0 12
84 0 0 12
85 0 0 12
86 0 0 12
87 0 0 12
88 0 0 12
89 0 0 12
8A 0 0 12
8B 0 0 12
8C 0 0 12
8D 0 0 12
8E 0 0 12
8F 0 0 12
90 0 0 12
91 0 0 12
92 0 0 12
93 0 0 12
94 0 0 12
95 0 0 12
96 0 0 12
97 0 0 12
98 0 0 12
99 0 0 12
9A 0 0 12
9B 0 0 12
9C 0 0 12
9D 0 0 12
9E 0 0 12
9F 0 0 12
A0 0 0 12
A1 0 0 12
A2 0 0 12
A3 0 0 12
A4 0 0 12
A5 0 0 12
A6 0 0 12
A7 0 0 12
A8 0 0 12
A9 0 0 12
AA 0 0 12
AB 0 0 12
AC 0 0 12
AD 0 0 12
AE 0 0 12
AF 0 0 12
B0 0 0 12
B1 0 0 12
B2 0 0 12
B3 0 0 12
B4 0 0 12
B5 0 0 12
B6 0 0 12
B7 0 0 12
B8 0 0 12
B9 0 0 12
BA 0 0 12
BB 0 0 12
BC 0 0 12
BD 0 0 12
BE 0 0 12
BF 0 0 12
C0 0 0 12
C1 0 0 12
C2 0 0 12
C3 0 0 12
C4 0 0 12
C5 0 0 12
C6 0 0 12
C7 0 0 12
C8 0 0 12
C9 0 0 12
CA 0 0 12
CB 0 0 12
CC 0 0 12
CD 0 0 12
CE 0 0 12
CF 0 0 12
D0 0 0 12
D1 0 0 12
D2 0 0 12
D3 0 0 12
D4 0 0 12
D5 0 0 12
D6 0 0 12
D7 0 0 12
D8 0 0 12
D9 0 0 12
DA 0 0 12
DB 0 0 12
DC 0 0 12
DD 0 0 12
DE 0 0 12
DF 0 0 12
E0 0 0 12
E1 0 0 12
E2 0 0 12
E3 0 0 12
E4 0 0 12
E5 0 0 12
E6 0 0 12
E7 0 0 12
E8 0 0 12
E9 0 0 12
EA 0 0 12
EB 0 0 12
EC 0 0 12
ED 0 0 12
EE 0 0 12
EF 0 0 12
F0 0 0 12
F1 0 0 12
F2 0 0 12
F3 0 0 12
F4 0 0 12
F5 0 0 12
F6 0 0 12
F7 0 0 12
F8 0 0 12
F9 0 0 12
FA 0 0 12
00 0 0 12
01 0 0 12
02 0 0 12
03 0 0 12
04 0 0 12
05 0 0 12
06 0 0 12
07 0 0 12
08 0 0 12
09 0 0 12
0A 0 0 12
0B 0 0 12
0C 0 0 12
0D 0 0 12
0E 0 0 12
0F 0 0 12
10 0 0 12
11 0 0 12
12 0 0 12
13 0 0 12
14 0 0 12
15 0 0 12
16 0 0 12
17 0 0 12
18 0 0 12
19 0 0 12
1A 0 0 12
1B 0 0 12
1C 0 0 12
1D 0 0 12
1E 0 0 12
1F 0 0 12
20 0 0 12
21 0 0 12
22 0 0 12
23 0 0 12
24 0 0 12
25 0 0 12
26 0 0 12
27 0 0 12
28 0 0 12
29 0 0 12
2A 0 0 12
2B 0 0 12
2C 0 0 12
2D 0 0 12
2E 0 0 12
2F 0 0 12
30 0 0 12
31 0 0 12
32 0 0 12
33 0 0 12
34 0 0 12
35 0 0 12
36 0 0 12
37 0 0 12
38 0 0 12
39 0 0 12
3A 0 0 12
3B 0 0 12
3C 0 0 12
3D 0 0 12
3E 0 0 12
3F 0 0 12
40 0 0 12
41 0 0 12
42 0 0 12
43 0 0 12
44 0 0 12
45 0 0 12
46 0 0 12
47 0 0 12
48 0 0 12
49 0 0 12
4A 0 0 12
4B 0 0 12
4C 0 0 12
4D 0 0 12
4E 0 0 12
4F 0 0 12
50 0 0 12
51 0 0 12
52 0 0 12
53 0 0 12
54 0 0 12
55 0 0 12
56 0 0 12
57 0 0 12
58 0 0 12
59 0 0 12
5A 0 0 12
5B 0 0 12
5C 0 0 12
5D 0 0 12
5E 0 0 12
5F 0 0 12
60 0 0 12
61 0 0 12
62 0 0 12
63 0 0 12
64 0 0 12
65 0 0 12
66 0 0 12
67 0 0 12
68 0 0 12
69 0 0 12
6A 0 0 12
6B 0 0 12
6C 0 0 12
6D 0 0 12
6E 0 0 12
6F 0 0 12
70 0 0 12
71 0 0 12
72 0 0 12
73 0 0 12
74 0 0 12
75 0 0 12
76 0 0 12
77 0 0 12
78 0 0 12
79 0 0 12
7A 0 0 12
7B 0 0 12
7C 0 0 12
7D 0 0 12
7E 0 0 12
7F 0 0 12
80 0 0 12
81 0 0 12
82 0 0 12
83 0 0 12
84 0 0 12
85 0 0 12
86 0 0 12
87 0 0 12
88 0 0 12
89 0 0 12
8A 0 0 12
8B 0 0 12
8C 0 0 12
8D 0 0 12
8E 0 0 12
8F 0 0 12
90 0 0 12
91 0 0 12
92 0 0 12
93 0 0 12
94 0 0 12
95 0 0 12
96 0 0 12
97 0 0 12
98 0 0 12
99 0 0 12
9A 0 0 12
9B 0 0 12
9C 0 0 12
9D 0 0 12
9E 0 0 12
9F 0 0 12
A0 0 0 12
A1 0 0 12
A2 0 0 12
A3 0 0 12
A4 0 0 12
A5 0 0 12
A6 0 0 12
A7 0 0 12
A8 0 0 12
A9 0 0 12
AA 0 0 12
AB 0 0 12
AC 0 0 12
AD 0 0 12
AE 0 0 12
AF 0 0 12
B0 0 0 12
B1 0 0 12
B2 0 0 12
B3 0 0 12
B4 0 0 12
B5 0 0 12
B6 0 0 12
B7 0 0 12
B8 0 0 12
B9 0 0 12
BA 0 0 12
BB 0 0 12
BC 0 0 12
BD 0 0 12
BE 0 0 12
BF 0 0 12
C0 0 0 12
C1 0 0 12
C2 0 0 12
C3 0 0 12
C4 0 0 12
C5 0 0 12
C6 0 0 12
C7 0 0 12
C8 0 0 12
C9 0 0 12
CA 0 0 12
CB 0 0 12
CC 0 0 12
CD 0 0 12
CE 0 0 12
CF 0 0 12
D0 0 0 12
D1 0 0 12
D2 0 0 12
D3 0 0 12
D4 0 0 12
D5 0 0 12
D6 0 0 12
D7 0 0 12
D8 0 0 12
D9 0 0 12
DA 0 0 12
DB 0 0 12
DC 0 0 12
DD 0 0 12
DE 0 0 12
DF 0 0 12
E0 0 0 12
E1 0 0 12
E2 0 0 12
E3 0 0 12
E4 0 0 12
E5 0 0 12
E6 0 0 12
E7 0 0 12
E8 0 0 12
E9 0 0 12
EA 0 0 12
EB 0 0 12
EC 0 0 12
ED 0 0 12
EE 0 0 12
EF 0 0 12
F0 0 0 12
F1 0 0 12
F2 0 0 12
F3 0 0 12
F4 0 0 12
F5 0 0 12
F6 0 0 12
F7 0 0 12
F8 0 0 12
F9 0 0 12
FA 0 0 12
00 0 0 12
01 0 0 12
02 0 0 12
03 0 0 12
04 0 0 12
05 0 0 12
06 0 0 12
07 0 0 12
08 0 0 12
09 0 0 12
0A 0 0 12
0B 0 0 12
0C 0 0 12
0D 0 0 12
0E 0 0 12
0F 0 0 12
10 0 0 12
11 0 0 12
12 0 0 12
13 0 0 12
14 0 0 12
15 0 0 12
16 0 0 12
17 0 0 12
18 0 0 12
19 0 0 12
1A 0 0 12
1B 0 0 12
1C 0 0 12
1D 0 0 12
1E 0 0 12
1F 0 0 12
20 0 0 12
21 0 0 12
22 0 0 12
23 0 0 12
24 0 0 12
25 0 0 12
26 0 0 12
27 0 0 12
28 0 0 12
29 0 0 12
2A 0 0 12
2B 0 0 12
2C 0 0 12
2D 0 0 12
2E 0 0 12
2F 0 0 12
30 0 0 12
31 0 0 12
32 0 0 12
33 0 0 12
34 0 0 12
35 0 0 12
36 0 0 12
37 0 0 12
38 0 0 12
39 0 0 12
3A 0 0 12
3B 0 0 12
3C 0 0 12
3D 0 0 12
3E 0 0 12
3F 0 0 12
40 0 0 12
41 0 0 12
42 0 0 12
43 0 0 12
44 0 0 12
45 0 0 12
46 0 0 12
47 0 0 12
48 0 0 12
49 0 0 12
4A 0 0 12
4B 0 0 12
4C 0 0 12
4D 0 0 12
4E 0 0 12
4F 0 0 12
50 0 0 12
51 0 0 12
52 0 0 12
53 0 0 12
54 0 0 12
55 0 0 12
56 0 0 12
57 0 0 12
58 0 0 12
59 0 0 12
5A 0 0 12
5B 0 0 12
5C 0 0 12
5D 0 0 12
5E 0 0 12
5F 0 0 12
60 0 0 12
61 0 0 12
62 0 0 12
63 0 0 12
64 0 0 12
65 0 0 12
66 0 0 12
67 0 0 12
68 0 0 12
69 0 0 12
6A 0 0 12
6B 0 0 12
6C 0 0 12
6D 0 0 12
6E 0 0 12
6F 0 0 12
70 0 0 12
71 0 0 12
72 0 0 12
73 0 0 12
74 0 0 12
75 0 0 12
76 0 0 12
77 0 0 12
78 0 0 12
79 0 0 12
7A 0 0 12
7B 0 0 12
7C 0 0 12
7D 0 0 12
7E 0 0 12
7F 0 0 12
80 0 0 12
81 0 0 12
82 0 0 12
83 0 0 12
84 0 0 12
85 0 0 12
86 0 0 12
87 0 0 12
88 0 0 12
89 0 0 12
8A 0 0 12
8B 0 0 12
8C 0 0 12
8D 0 0 12
8E 0 0 12
8F 0 0 12
90 0 0 12
91 0 0 12
92 0 0 12
93 0 0 12
94 0 0 12
95 0 0 12
96 0 0 12
97 0 0 12
98 0 0 12
99 0 0 12
9A 0 0 12
9B 0 0 12
9C 0 0 12
9D 0 0 12
9E 0 0 12
9F 0 0 12
A0 0 0 12
A1 0 0 12
A2 0 0 12
A3 0 0 12
A4 0 0 12
A5 0 0 12
A6 0 0 12
A7 0 0 12
A8 0 0 12
A9 0 0 12
AA 0 0 12
AB 0 0 12
AC 0 0 12
AD 0 0 12
AE 0 0 12
AF 0 0 12
B0 0 0 12
B1 0 0 12
B2 0 0 12
B3 0 0 12
B4 0 0 12
B5 0 0 12
B6 0 0 12
B7 0 0 12
B8 0 0 12
B9 0 0 12
BA 0 0 12
BB 0 0 12
BC 0 0 12
BD 0 0 12
BE 0 0 12
BF 0 0 12
C0 0 0 12
C1 0 0 12
C2 0 0 12
C3 0 0 12
C4 0 0 12
C5 0 0 12
C6 0 0 12
C7 0 0 12
C8 0 0 12
C9 0 0 12
CA 0 0 12
CB 0 0 12
CC 0 0 12
CD 0 0 12
CE 0 0 12
CF 0 0 12
D0 0 0 12
D1 0 0 12
D2 0 0 12
D3 0 0 12
D4 0 0 12
D5 0 0 12
D6 0 0 12
D7 0 0 12
D8 0 0 12
D9 0 0 12
DA 0 0 12
DB 0 0 12
DC 0 0 12
DD 0 0 12
DE 0 0 12
DF 0 0 12
E0 0 0 12
E1 0 0 12
E2 0 0 12
E3 0 0 12
E4 0 0 12
E5 0 0 12
E6 0 0 12
E7 0 0 12
E8 0 0 12
E9 0 0 12
EA 0 0 12
EB 0 0 12
EC 0 0 12
ED 0 0 12
EE 0 0 12
EF 0 0 12
F0 0 0 12
F1 0 0 12
F2 0 0 12
F3 0 0 12
F4 0 0 12
F5 0 0 12
F6 0 0 12
F7 0 0 12
F8 0 0 12
F9 0 0 12
FA 0 0 12
00 0 0 12
01 0 0 12
02 0 0 12
03 0 0 12
04 0 0 12
05 1 1 12
