# data last user frame sfdCycle
00 0 0 1 12
0A 0 0 1 12
35 0 0 1 12
01 0 0 1 12
02 0 0 1 12
03 0 0 1 12
DE 0 0 1 12
AD 0 0 1 12
BE 0 0 1 12
EF 0 0 1 12
00 0 0 1 12
01 0 0 1 12
08 0 0 1 12
00 0 0 1 12
01 0 0 1 12
00 0 0 1 12
00 0 0 1 12
00 0 0 1 12
00 0 0 1 12
00 0 0 1 12
00 0 0 1 12
00 0 0 1 12
00 0 0 1 12
00 0 0 1 12
00 0 0 1 12
00 0 0 1 12
00 0 0 1 12
00 0 0 1 12
00 0 0 1 12
00 0 0 1 12
00 0 0 1 12
00 0 0 1 12
00 0 0 1 12
00 0 0 1 12
00 0 0 1 12
00 0 0 1 12
00 0 0 1 12
00 0 0 1 12
00 0 0 1 12
00 0 0 1 12
00 0 0 1 12
00 0 0 1 12
00 0 0 1 12
00 0 0 1 12
00 0 0 1 12
00 0 0 1 12
00 0 0 1 12
00 0 0 1 12
00 0 0 1 12
00 0 0 1 12
00 0 0 1 12
00 0 0 1 12
00 0 0 1 12
00 0 0 1 12
00 0 0 1 12
00 0 0 1 12
00 0 0 1 12
00 0 0 1 12
00 0 0 1 12
00 1 1 1 12
00 0 0 2 95
0A 0 0 2 95
35 0 0 2 95
01 0 0 2 95
02 0 0 2 95
03 0 0 2 95
DE 0 0 2 95
AD 0 0 2 95
BE 0 0 2 95
EF 0 0 2 95
00 0 0 2 95
01 0 0 2 95
08 0 0 2 95
00 0 0 2 95
02 0 0 2 95
03 0 0 2 95
04 0 0 2 95
05 0 0 2 95
06 0 0 2 95
07 0 0 2 95
08 0 0 2 95
09 0 0 2 95
0A 0 0 2 95
0B 0 0 2 95
0C 0 0 2 95
0D 0 0 2 95
0E 0 0 2 95
0F 0 0 2 95
10 0 0 2 95
11 0 0 2 95
12 0 0 2 95
13 0 0 2 95
14 0 0 2 95
15 0 0 2 95
16 0 0 2 95
17 0 0 2 95
18 0 0 2 95
19 0 0 2 95
1A 0 0 2 95
1B 0 0 2 95
1C 0 0 2 95
1D 0 0 2 95
1E 0 0 2 95
1F 0 0 2 95
20 0 0 2 95
21 0 0 2 95
22 0 0 2 95
23 0 0 2 95
24 0 0 2 95
25 0 0 2 95
26 0 0 2 95
27 0 0 2 95
28 0 0 2 95
29 0 0 2 95
2A 0 0 2 95
2B 0 0 2 95
2C 0 0 2 95
2D 0 0 2 95
2E 0 0 2 95
00 1 1 2 95
00 0 0 3 172
0A 0 0 3 172
35 0 0 3 172
01 0 0 3 172
02 0 0 3 172
03 0 0 3 172
DE 0 0 3 172
AD 0 0 3 172
BE 0 0 3 172
EF 0 0 3 172
00 0 0 3 172
01 0 0 3 172
08 0 0 3 172
00 0 0 3 172
03 0 0 3 172
04 0 0 3 172
05 0 0 3 172
06 0 0 3 172
07 0 0 3 172
08 0 0 3 172
09 0 0 3 172
0A 0 0 3 172
0B 0 0 3 172
0C 0 0 3 172
0D 0 0 3 172
0E 0 0 3 172
0F 0 0 3 172
10 0 0 3 172
11 0 0 3 172
12 0 0 3 172
13 0 0 3 172
14 0 0 3 172
15 0 0 3 172
16 0 0 3 172
17 0 0 3 172
18 0 0 3 172
19 0 0 3 172
1A 0 0 3 172
1B 0 0 3 172
1C 0 0 3 172
1D 0 0 3 172
1E 0 0 3 172
1F 0 0 3 172
20 0 0 3 172
21 0 0 3 172
22 0 0 3 172
23 0 0 3 172
24 0 0 3 172
25 0 0 3 172
26 0 0 3 172
27 0 0 3 172
28 0 0 3 172
29 0 0 3 172
2A 0 0 3 172
2B 0 0 3 172
2C 0 0 3 172
2D 0 0 3 172
2E 0 0 3 172
2F 0 0 3 172
30 1 1 3 172
00 0 0 4 254
0A 0 0 4 254
35 0 0 4 254
01 0 0 4 254
02 0 0 4 254
03 0 0 4 254
DE 0 0 4 254
AD 0 0 4 254
BE 0 0 4 254
EF 0 0 4 254
00 0 0 4 254
01 0 0 4 254
08 0 0 4 254
00 0 0 4 254
04 0 0 4 254
05 0 0 4 254
06 0 0 4 254
07 0 0 4 254
08 0 0 4 254
09 0 0 4 254
0A 0 0 4 254
0B 0 0 4 254
0C 0 0 4 254
0D 0 0 4 254
0E 0 0 4 254
0F 0 0 4 254
10 0 0 4 254
11 0 0 4 254
12 0 0 4 254
13 0 0 4 254
14 0 0 4 254
15 0 0 4 254
16 0 0 4 254
17 0 0 4 254
18 0 0 4 254
19 0 0 4 254
1A 0 0 4 254
1B 0 0 4 254
1C 0 0 4 254
1D 0 0 4 254
1E 0 0 4 254
1F 0 0 4 254
20 0 0 4 254
21 0 0 4 254
22 0 0 4 254
23 0 0 4 254
24 0 0 4 254
25 0 0 4 254
26 0 0 4 254
27 0 0 4 254
28 0 0 4 254
29 0 0 4 254
2A 0 0 4 254
2B 0 0 4 254
2C 0 0 4 254
2D 0 0 4 254
2E 0 0 4 254
2F 0 0 4 254
30 0 0 4 254
31 0 0 4 254
32 1 1 4 254
00 0 0 5 333
0A 0 0 5 333
35 0 0 5 333
01 0 0 5 333
02 0 0 5 333
03 0 0 5 333
DE 0 0 5 333
AD 0 0 5 333
BE 0 0 5 333
EF 0 0 5 333
00 0 0 5 333
01 0 0 5 333
08 0 0 5 333
00 0 0 5 333
05 0 0 5 333
06 0 0 5 333
07 0 0 5 333
08 0 0 5 333
09 0 0 5 333
0A 0 0 5 333
0B 0 0 5 333
0C 0 0 5 333
0D 0 0 5 333
0E 0 0 5 333
0F 0 0 5 333
10 0 0 5 333
11 0 0 5 333
12 0 0 5 333
13 0 0 5 333
14 0 0 5 333
15 0 0 5 333
16 0 0 5 333
17 0 0 5 333
18 0 0 5 333
19 0 0 5 333
1A 0 0 5 333
1B 0 0 5 333
1C 0 0 5 333
1D 0 0 5 333
1E 0 0 5 333
1F 0 0 5 333
20 0 0 5 333
21 0 0 5 333
22 0 0 5 333
23 0 0 5 333
24 0 0 5 333
25 0 0 5 333
26 0 0 5 333
27 0 0 5 333
28 0 0 5 333
29 0 0 5 333
2A 0 0 5 333
2B 0 0 5 333
2C 0 0 5 333
2D 0 0 5 333
2E 0 0 5 333
2F 0 0 5 333
30 0 0 5 333
31 0 0 5 333
32 0 0 5 333
33 0 0 5 333
34 0 0 5 333
35 0 0 5 333
36 0 0 5 333
37 0 0 5 333
38 0 0 5 333
39 0 0 5 333
3A 0 0 5 333
3B 0 0 5 333
3C 0 0 5 333
3D 0 0 5 333
3E 0 0 5 333
3F 0 0 5 333
40 0 0 5 333
41 0 0 5 333
42 0 0 5 333
43 1 1 5 333
00 0 0 6 430
0A 0 0 6 430
35 0 0 6 430
01 0 0 6 430
02 0 0 6 430
03 0 0 6 430
DE 0 0 6 430
AD 0 0 6 430
BE 0 0 6 430
EF 0 0 6 430
00 0 0 6 430
01 0 0 6 430
08 0 0 6 430
00 0 0 6 430
06 0 0 6 430
07 0 0 6 430
08 0 0 6 430
09 0 0 6 430
0A 0 0 6 430
0B 0 0 6 430
0C 0 0 6 430
0D 0 0 6 430
0E 0 0 6 430
0F 0 0 6 430
10 0 0 6 430
11 0 0 6 430
12 0 0 6 430
13 0 0 6 430
14 0 0 6 430
15 0 0 6 430
16 0 0 6 430
17 0 0 6 430
18 0 0 6 430
19 0 0 6 430
1A 0 0 6 430
1B 0 0 6 430
1C 0 0 6 430
1D 0 0 6 430
1E 0 0 6 430
1F 0 0 6 430
20 0 0 6 430
21 0 0 6 430
22 0 0 6 430
23 0 0 6 430
24 0 0 6 430
25 0 0 6 430
26 0 0 6 430
27 0 0 6 430
28 0 0 6 430
29 0 0 6 430
2A 0 0 6 430
2B 0 0 6 430
2C 0 0 6 430
2D 0 0 6 430
2E 0 0 6 430
2F 0 0 6 430
30 0 0 6 430
31 0 0 6 430
32 0 0 6 430
33 0 0 6 430
34 0 0 6 430
35 0 0 6 430
36 0 0 6 430
37 0 0 6 430
38 0 0 6 430
39 0 0 6 430
3A 0 0 6 430
3B 0 0 6 430
3C 0 0 6 430
3D 0 0 6 430
3E 0 0 6 430
3F 0 0 6 430
40 0 0 6 430
41 0 0 6 430
42 0 0 6 430
43 0 0 6 430
44 0 0 6 430
45 1 1 6 430
00 0 0 7 526
0A 0 0 7 526
35 0 0 7 526
01 0 0 7 526
02 0 0 7 526
03 0 0 7 526
DE 0 0 7 526
AD 0 0 7 526
BE 0 0 7 526
EF 0 0 7 526
00 0 0 7 526
01 0 0 7 526
08 0 0 7 526
00 0 0 7 526
07 0 0 7 526
08 0 0 7 526
09 0 0 7 526
0A 0 0 7 526
0B 0 0 7 526
0C 0 0 7 526
0D 0 0 7 526
0E 0 0 7 526
0F 0 0 7 526
10 0 0 7 526
11 0 0 7 526
12 0 0 7 526
13 0 0 7 526
14 0 0 7 526
15 0 0 7 526
16 0 0 7 526
17 0 0 7 526
18 0 0 7 526
19 0 0 7 526
1A 0 0 7 526
1B 0 0 7 526
1C 0 0 7 526
1D 0 0 7 526
1E 0 0 7 526
1F 0 0 7 526
20 0 0 7 526
21 0 0 7 526
22 0 0 7 526
23 0 0 7 526
24 0 0 7 526
25 0 0 7 526
26 0 0 7 526
27 0 0 7 526
28 0 0 7 526
29 0 0 7 526
2A 0 0 7 526
2B 0 0 7 526
2C 0 0 7 526
2D 0 0 7 526
2E 0 0 7 526
2F 0 0 7 526
30 0 0 7 526
31 0 0 7 526
32 0 0 7 526
33 0 0 7 526
34 0 0 7 526
35 0 0 7 526
36 0 0 7 526
37 0 0 7 526
38 0 0 7 526
39 0 0 7 526
3A 0 0 7 526
3B 0 0 7 526
3C 0 0 7 526
3D 0 0 7 526
3E 0 0 7 526
3F 0 0 7 526
40 0 0 7 526
41 0 0 7 526
42 0 0 7 526
43 0 0 7 526
44 0 0 7 526
45 0 0 7 526
46 0 0 7 526
47 1 1 7 526
00 0 0 8 627
0A 0 0 8 627
35 0 0 8 627
01 0 0 8 627
02 0 0 8 627
03 0 0 8 627
DE 0 0 8 627
AD 0 0 8 627
BE 0 0 8 627
EF 0 0 8 627
00 0 0 8 627
01 0 0 8 627
08 0 0 8 627
00 0 0 8 627
08 0 0 8 627
09 0 0 8 627
0A 0 0 8 627
0B 0 0 8 627
0C 0 0 8 627
0D 0 0 8 627
0E 0 0 8 627
0F 0 0 8 627
10 0 0 8 627
11 0 0 8 627
12 0 0 8 627
13 0 0 8 627
14 0 0 8 627
15 0 0 8 627
16 0 0 8 627
17 0 0 8 627
18 0 0 8 627
19 0 0 8 627
1A 0 0 8 627
1B 0 0 8 627
1C 0 0 8 627
1D 0 0 8 627
1E 0 0 8 627
1F 0 0 8 627
20 0 0 8 627
21 0 0 8 627
22 0 0 8 627
23 0 0 8 627
24 0 0 8 627
25 0 0 8 627
26 0 0 8 627
27 0 0 8 627
28 0 0 8 627
29 0 0 8 627
2A 0 0 8 627
2B 0 0 8 627
2C 0 0 8 627
2D 0 0 8 627
2E 0 0 8 627
2F 0 0 8 627
30 0 0 8 627
31 0 0 8 627
32 0 0 8 627
33 0 0 8 627
34 0 0 8 627
35 0 0 8 627
36 0 0 8 627
37 0 0 8 627
38 0 0 8 627
39 0 0 8 627
3A 0 0 8 627
3B 0 0 8 627
3C 0 0 8 627
3D 0 0 8 627
3E 0 0 8 627
3F 0 0 8 627
40 0 0 8 627
41 0 0 8 627
42 0 0 8 627
43 0 0 8 627
44 0 0 8 627
45 0 0 8 627
46 0 0 8 627
47 0 0 8 627
48 0 0 8 627
49 0 0 8 627
4A 0 0 8 627
4B 0 0 8 627
4C 0 0 8 627
4D 0 0 8 627
4E 0 0 8 627
4F 0 0 8 627
50 0 0 8 627
51 0 0 8 627
52 0 0 8 627
53 0 0 8 627
54 0 0 8 627
55 0 0 8 627
56 0 0 8 627
57 0 0 8 627
58 0 0 8 627
59 0 0 8 627
5A 0 0 8 627
5B 0 0 8 627
5C 0 0 8 627
5D 0 0 8 627
5E 0 0 8 627
5F 0 0 8 627
60 0 0 8 627
61 0 0 8 627
62 0 0 8 627
63 0 0 8 627
64 0 0 8 627
65 0 0 8 627
66 0 0 8 627
67 0 0 8 627
68 0 0 8 627
69 0 0 8 627
6A 0 0 8 627
6B 1 1 8 627
00 0 0 9 758
0A 0 0 9 758
35 0 0 9 758
01 0 0 9 758
02 0 0 9 758
03 0 0 9 758
DE 0 0 9 758
AD 0 0 9 758
BE 0 0 9 758
EF 0 0 9 758
00 0 0 9 758
01 0 0 9 758
08 0 0 9 758
00 0 0 9 758
09 0 0 9 758
0A 0 0 9 758
0B 0 0 9 758
0C 0 0 9 758
0D 0 0 9 758
0E 0 0 9 758
0F 0 0 9 758
10 0 0 9 758
11 0 0 9 758
12 0 0 9 758
13 0 0 9 758
14 0 0 9 758
15 0 0 9 758
16 0 0 9 758
17 0 0 9 758
18 0 0 9 758
19 0 0 9 758
1A 0 0 9 758
1B 0 0 9 758
1C 0 0 9 758
1D 0 0 9 758
1E 0 0 9 758
1F 0 0 9 758
20 0 0 9 758
21 0 0 9 758
22 0 0 9 758
23 0 0 9 758
24 0 0 9 758
25 0 0 9 758
26 0 0 9 758
27 0 0 9 758
28 0 0 9 758
29 0 0 9 758
2A 0 0 9 758
2B 0 0 9 758
2C 0 0 9 758
2D 0 0 9 758
2E 0 0 9 758
2F 0 0 9 758
30 0 0 9 758
31 0 0 9 758
32 0 0 9 758
33 0 0 9 758
34 0 0 9 758
35 0 0 9 758
36 0 0 9 758
37 0 0 9 758
38 0 0 9 758
39 0 0 9 758
3A 0 0 9 758
3B 0 0 9 758
3C 0 0 9 758
3D 0 0 9 758
3E 0 0 9 758
3F 0 0 9 758
40 0 0 9 758
41 0 0 9 758
42 0 0 9 758
43 0 0 9 758
44 0 0 9 758
45 0 0 9 758
46 0 0 9 758
47 0 0 9 758
48 0 0 9 758
49 0 0 9 758
4A 0 0 9 758
4B 0 0 9 758
4C 0 0 9 758
4D 0 0 9 758
4E 0 0 9 758
4F 0 0 9 758
50 0 0 9 758
51 0 0 9 758
52 0 0 9 758
53 0 0 9 758
54 0 0 9 758
55 0 0 9 758
56 0 0 9 758
57 0 0 9 758
58 0 0 9 758
59 0 0 9 758
5A 0 0 9 758
5B 0 0 9 758
5C 0 0 9 758
5D 0 0 9 758
5E 0 0 9 758
5F 0 0 9 758
60 0 0 9 758
61 0 0 9 758
62 0 0 9 758
63 0 0 9 758
64 0 0 9 758
65 0 0 9 758
66 0 0 9 758
67 0 0 9 758
68 0 0 9 758
69 0 0 9 758
6A 0 0 9 758
6B 0 0 9 758
6C 0 0 9 758
6D 0 0 9 758
6E 0 0 9 758
6F 0 0 9 758
70 0 0 9 758
71 0 0 9 758
72 0 0 9 758
73 0 0 9 758
74 0 0 9 758
75 0 0 9 758
76 0 0 9 758
77 0 0 9 758
78 0 0 9 758
79 0 0 9 758
7A 0 0 9 758
7B 0 0 9 758
7C 0 0 9 758
7D 0 0 9 758
7E 0 0 9 758
7F 0 0 9 758
80 0 0 9 758
81 0 0 9 758
82 0 0 9 758
83 0 0 9 758
84 0 0 9 758
85 0 0 9 758
86 0 0 9 758
87 0 0 9 758
88 0 0 9 758
89 0 0 9 758
8A 0 0 9 758
8B 0 0 9 758
8C 0 0 9 758
8D 0 0 9 758
8E 0 0 9 758
8F 0 0 9 758
90 0 0 9 758
91 0 0 9 758
92 0 0 9 758
93 0 0 9 758
94 0 0 9 758
95 0 0 9 758
96 0 0 9 758
97 0 0 9 758
98 0 0 9 758
99 0 0 9 758
9A 0 0 9 758
9B 0 0 9 758
9C 0 0 9 758
9D 0 0 9 758
9E 0 0 9 758
9F 0 0 9 758
A0 0 0 9 758
A1 0 0 9 758
A2 0 0 9 758
A3 0 0 9 758
A4 0 0 9 758
A5 0 0 9 758
A6 0 0 9 758
A7 0 0 9 758
A8 0 0 9 758
A9 0 0 9 758
AA 0 0 9 758
AB 0 0 9 758
AC 0 0 9 758
AD 0 0 9 758
AE 0 0 9 758
AF 0 0 9 758
B0 0 0 9 758
B1 0 0 9 758
B2 0 0 9 758
B3 0 0 9 758
B4 0 0 9 758
B5 0 0 9 758
B6 0 0 9 758
B7 0 0 9 758
B8 0 0 9 758
B9 0 0 9 758
BA 0 0 9 758
BB 0 0 9 758
BC 0 0 9 758
BD 0 0 9 758
BE 0 0 9 758
BF 0 0 9 758
C0 0 0 9 758
C1 0 0 9 758
C2 0 0 9 758
C3 0 0 9 758
C4 0 0 9 758
C5 0 0 9 758
C6 0 0 9 758
C7 0 0 9 758
C8 0 0 9 758
C9 0 0 9 758
CA 0 0 9 758
CB 0 0 9 758
CC 0 0 9 758
CD 0 0 9 758
CE 0 0 9 758
CF 0 0 9 758
D0 0 0 9 758
D1 0 0 9 758
D2 0 0 9 758
D3 0 0 9 758
D4 0 0 9 758
D5 0 0 9 758
D6 0 0 9 758
D7 0 0 9 758
D8 0 0 9 758
D9 0 0 9 758
DA 0 0 9 758
DB 0 0 9 758
DC 0 0 9 758
DD 0 0 9 758
DE 0 0 9 758
DF 0 0 9 758
E0 0 0 9 758
E1 0 0 9 758
E2 0 0 9 758
E3 0 0 9 758
E4 0 0 9 758
E5 0 0 9 758
E6 0 0 9 758
E7 0 0 9 758
E8 0 0 9 758
E9 0 0 9 758
EA 0 0 9 758
EB 0 0 9 758
EC 0 0 9 758
ED 0 0 9 758
EE 0 0 9 758
EF 0 0 9 758
F0 0 0 9 758
F1 0 0 9 758
F2 0 0 9 758
F3 0 0 9 758
F4 0 0 9 758
F5 0 0 9 758
F6 0 0 9 758
F7 0 0 9 758
F8 0 0 9 758
F9 0 0 9 758
FA 0 0 9 758
00 0 0 9 758
01 0 0 9 758
02 0 0 9 758
03 0 0 9 758
04 0 0 9 758
05 0 0 9 758
06 0 0 9 758
07 0 0 9 758
08 0 0 9 758
09 0 0 9 758
0A 0 0 9 758
0B 0 0 9 758
0C 0 0 9 758
0D 0 0 9 758
0E 0 0 9 758
0F 0 0 9 758
10 0 0 9 758
11 0 0 9 758
12 0 0 9 758
13 0 0 9 758
14 0 0 9 758
15 0 0 9 758
16 0 0 9 758
17 0 0 9 758
18 0 0 9 758
19 0 0 9 758
1A 0 0 9 758
1B 0 0 9 758
1C 0 0 9 758
1D 0 0 9 758
1E 0 0 9 758
1F 0 0 9 758
20 0 0 9 758
21 0 0 9 758
22 0 0 9 758
23 0 0 9 758
24 0 0 9 758
25 0 0 9 758
26 0 0 9 758
27 0 0 9 758
28 0 0 9 758
29 0 0 9 758
2A 0 0 9 758
2B 0 0 9 758
2C 0 0 9 758
2D 0 0 9 758
2E 0 0 9 758
2F 0 0 9 758
30 0 0 9 758
31 0 0 9 758
32 0 0 9 758
33 0 0 9 758
34 0 0 9 758
35 0 0 9 758
36 0 0 9 758
37 0 0 9 758
38 0 0 9 758
39 0 0 9 758
3A 0 0 9 758
3B 0 0 9 758
3C 0 0 9 758
3D 0 0 9 758
3E 0 0 9 758
3F 0 0 9 758
40 0 0 9 758
41 0 0 9 758
42 0 0 9 758
43 0 0 9 758
44 0 0 9 758
45 0 0 9 758
46 0 0 9 758
47 0 0 9 758
48 0 0 9 758
49 0 0 9 758
4A 0 0 9 758
4B 0 0 9 758
4C 0 0 9 758
4D 0 0 9 758
4E 0 0 9 758
4F 0 0 9 758
50 0 0 9 758
51 0 0 9 758
52 0 0 9 758
53 0 0 9 758
54 0 0 9 758
55 0 0 9 758
56 0 0 9 758
57 0 0 9 758
58 0 0 9 758
59 0 0 9 758
5A 0 0 9 758
5B 0 0 9 758
5C 0 0 9 758
5D 0 0 9 758
5E 0 0 9 758
5F 0 0 9 758
60 0 0 9 758
61 0 0 9 758
62 0 0 9 758
63 0 0 9 758
64 0 0 9 758
65 0 0 9 758
66 0 0 9 758
67 0 0 9 758
68 0 0 9 758
69 0 0 9 758
6A 0 0 9 758
6B 0 0 9 758
6C 0 0 9 758
6D 0 0 9 758
6E 0 0 9 758
6F 0 0 9 758
70 0 0 9 758
71 0 0 9 758
72 0 0 9 758
73 0 0 9 758
74 0 0 9 758
75 0 0 9 758
76 0 0 9 758
77 0 0 9 758
78 0 0 9 758
79 0 0 9 758
7A 0 0 9 758
7B 0 0 9 758
7C 0 0 9 758
7D 0 0 9 758
7E 0 0 9 758
7F 0 0 9 758
80 0 0 9 758
81 0 0 9 758
82 0 0 9 758
83 0 0 9 758
84 0 0 9 758
85 0 0 9 758
86 0 0 9 758
87 0 0 9 758
88 0 0 9 758
89 0 0 9 758
8A 0 0 9 758
8B 0 0 9 758
8C 0 0 9 758
8D 0 0 9 758
8E 0 0 9 758
8F 0 0 9 758
90 0 0 9 758
91 0 0 9 758
92 0 0 9 758
93 0 0 9 758
94 0 0 9 758
95 0 0 9 758
96 0 0 9 758
97 0 0 9 758
98 0 0 9 758
99 0 0 9 758
9A 0 0 9 758
9B 0 0 9 758
9C 0 0 9 758
9D 0 0 9 758
9E 0 0 9 758
9F 0 0 9 758
A0 0 0 9 758
A1 0 0 9 758
A2 0 0 9 758
A3 0 0 9 758
A4 0 0 9 758
A5 0 0 9 758
A6 0 0 9 758
A7 0 0 9 758
A8 0 0 9 758
A9 0 0 9 758
AA 0 0 9 758
AB 0 0 9 758
AC 0 0 9 758
AD 0 0 9 758
AE 0 0 9 758
AF 0 0 9 758
B0 0 0 9 758
B1 0 0 9 758
B2 0 0 9 758
B3 0 0 9 758
B4 0 0 9 758
B5 0 0 9 758
B6 0 0 9 758
B7 0 0 9 758
B8 0 0 9 758
B9 0 0 9 758
BA 0 0 9 758
BB 0 0 9 758
BC 0 0 9 758
BD 0 0 9 758
BE 0 0 9 758
BF 0 0 9 758
C0 0 0 9 758
C1 0 0 9 758
C2 0 0 9 758
C3 0 0 9 758
C4 0 0 9 758
C5 0 0 9 758
C6 0 0 9 758
C7 0 0 9 758
C8 0 0 9 758
C9 0 0 9 758
CA 0 0 9 758
CB 0 0 9 758
CC 0 0 9 758
CD 0 0 9 758
CE 0 0 9 758
CF 0 0 9 758
D0 0 0 9 758
D1 0 0 9 758
D2 0 0 9 758
D3 0 0 9 758
D4 0 0 9 758
D5 0 0 9 758
D6 0 0 9 758
D7 0 0 9 758
D8 0 0 9 758
D9 0 0 9 758
DA 0 0 9 758
DB 0 0 9 758
DC 0 0 9 758
DD 0 0 9 758
DE 0 0 9 758
DF 0 0 9 758
E0 0 0 9 758
E1 0 0 9 758
E2 0 0 9 758
E3 0 0 9 758
E4 0 0 9 758
E5 0 0 9 758
E6 0 0 9 758
E7 0 0 9 758
E8 0 0 9 758
E9 0 0 9 758
EA 0 0 9 758
EB 0 0 9 758
EC 0 0 9 758
ED 0 0 9 758
EE 0 0 9 758
EF 0 0 9 758
F0 0 0 9 758
F1 0 0 9 758
F2 0 0 9 758
F3 0 0 9 758
F4 0 0 9 758
F5 0 0 9 758
F6 0 0 9 758
F7 0 0 9 758
F8 0 0 9 758
F9 0 0 9 758
FA 0 0 9 758
00 0 0 9 758
01 0 0 9 758
02 0 0 9 758
03 0 0 9 758
04 0 0 9 758
05 0 0 9 758
06 0 0 9 758
07 0 0 9 758
08 0 0 9 758
09 0 0 9 758
0A 0 0 9 758
0B 0 0 9 758
0C 0 0 9 758
0D 0 0 9 758
0E 0 0 9 758
0F 0 0 9 758
10 0 0 9 758
11 0 0 9 758
12 1 1 9 758
00 0 0 10 1307
0A 0 0 10 1307
35 0 0 10 1307
01 0 0 10 1307
02 0 0 10 1307
03 0 0 10 1307
DE 0 0 10 1307
AD 0 0 10 1307
BE 0 0 10 1307
EF 0 0 10 1307
00 0 0 10 1307
01 0 0 10 1307
08 0 0 10 1307
00 0 0 10 1307
0A 0 0 10 1307
0B 0 0 10 1307
0C 0 0 10 1307
0D 0 0 10 1307
0E 0 0 10 1307
0F 0 0 10 1307
10 0 0 10 1307
11 0 0 10 1307
12 0 0 10 1307
13 0 0 10 1307
14 0 0 10 1307
15 0 0 10 1307
16 0 0 10 1307
17 0 0 10 1307
18 0 0 10 1307
19 0 0 10 1307
1A 0 0 10 1307
1B 0 0 10 1307
1C 0 0 10 1307
1D 0 0 10 1307
1E 0 0 10 1307
1F 0 0 10 1307
20 0 0 10 1307
21 0 0 10 1307
22 0 0 10 1307
23 0 0 10 1307
24 0 0 10 1307
25 0 0 10 1307
26 0 0 10 1307
27 0 0 10 1307
28 0 0 10 1307
29 0 0 10 1307
2A 0 0 10 1307
2B 0 0 10 1307
2C 0 0 10 1307
2D 0 0 10 1307
2E 0 0 10 1307
2F 0 0 10 1307
30 0 0 10 1307
31 0 0 10 1307
32 0 0 10 1307
33 0 0 10 1307
34 0 0 10 1307
35 0 0 10 1307
36 0 0 10 1307
37 0 0 10 1307
38 0 0 10 1307
39 0 0 10 1307
3A 0 0 10 1307
3B 0 0 10 1307
3C 0 0 10 1307
3D 0 0 10 1307
3E 0 0 10 1307
3F 0 0 10 1307
40 0 0 10 1307
41 0 0 10 1307
42 0 0 10 1307
43 0 0 10 1307
44 0 0 10 1307
45 0 0 10 1307
46 0 0 10 1307
47 0 0 10 1307
48 0 0 10 1307
49 0 0 10 1307
4A 0 0 10 1307
4B 0 0 10 1307
4C 0 0 10 1307
4D 0 0 10 1307
4E 0 0 10 1307
4F 0 0 10 1307
50 0 0 10 1307
51 0 0 10 1307
52 0 0 10 1307
53 0 0 10 1307
54 0 0 10 1307
55 0 0 10 1307
56 0 0 10 1307
57 0 0 10 1307
58 0 0 10 1307
59 0 0 10 1307
5A 0 0 10 1307
5B 0 0 10 1307
5C 0 0 10 1307
5D 0 0 10 1307
5E 0 0 10 1307
5F 0 0 10 1307
60 0 0 10 1307
61 0 0 10 1307
62 0 0 10 1307
63 0 0 10 1307
64 0 0 10 1307
65 0 0 10 1307
66 0 0 10 1307
67 0 0 10 1307
68 0 0 10 1307
69 0 0 10 1307
6A 0 0 10 1307
6B 0 0 10 1307
6C 0 0 10 1307
6D 0 0 10 1307
6E 0 0 10 1307
6F 0 0 10 1307
70 0 0 10 1307
71 0 0 10 1307
72 0 0 10 1307
73 0 0 10 1307
74 0 0 10 1307
75 0 0 10 1307
76 0 0 10 1307
77 0 0 10 1307
78 0 0 10 1307
79 0 0 10 1307
7A 0 0 10 1307
7B 0 0 10 1307
7C 0 0 10 1307
7D 0 0 10 1307
7E 0 0 10 1307
7F 0 0 10 1307
80 0 0 10 1307
81 0 0 10 1307
82 0 0 10 1307
83 0 0 10 1307
84 0 0 10 1307
85 0 0 10 1307
86 0 0 10 1307
87 0 0 10 1307
88 0 0 10 1307
89 0 0 10 1307
8A 0 0 10 1307
8B 0 0 10 1307
8C 0 0 10 1307
8D 0 0 10 1307
8E 0 0 10 1307
8F 0 0 10 1307
90 0 0 10 1307
91 0 0 10 1307
92 0 0 10 1307
93 0 0 10 1307
94 0 0 10 1307
95 0 0 10 1307
96 0 0 10 1307
97 0 0 10 1307
98 0 0 10 1307
99 0 0 10 1307
9A 0 0 10 1307
9B 0 0 10 1307
9C 0 0 10 1307
9D 0 0 10 1307
9E 0 0 10 1307
9F 0 0 10 1307
A0 0 0 10 1307
A1 0 0 10 1307
A2 0 0 10 1307
A3 0 0 10 1307
A4 0 0 10 1307
A5 0 0 10 1307
A6 0 0 10 1307
A7 0 0 10 1307
A8 0 0 10 1307
A9 0 0 10 1307
AA 0 0 10 1307
AB 0 0 10 1307
AC 0 0 10 1307
AD 0 0 10 1307
AE 0 0 10 1307
AF 0 0 10 1307
B0 0 0 10 1307
B1 0 0 10 1307
B2 0 0 10 1307
B3 0 0 10 1307
B4 0 0 10 1307
B5 0 0 10 1307
B6 0 0 10 1307
B7 0 0 10 1307
B8 0 0 10 1307
B9 0 0 10 1307
BA 0 0 10 1307
BB 0 0 10 1307
BC 0 0 10 1307
BD 0 0 10 1307
BE 0 0 10 1307
BF 0 0 10 1307
C0 0 0 10 1307
C1 0 0 10 1307
C2 0 0 10 1307
C3 0 0 10 1307
C4 0 0 10 1307
C5 0 0 10 1307
C6 0 0 10 1307
C7 0 0 10 1307
C8 0 0 10 1307
C9 0 0 10 1307
CA 0 0 10 1307
CB 0 0 10 1307
CC 0 0 10 1307
CD 0 0 10 1307
CE 0 0 10 1307
CF 0 0 10 1307
D0 0 0 10 1307
D1 0 0 10 1307
D2 0 0 10 1307
D3 0 0 10 1307
D4 0 0 10 1307
D5 0 0 10 1307
D6 0 0 10 1307
D7 0 0 10 1307
D8 0 0 10 1307
D9 0 0 10 1307
DA 0 0 10 1307
DB 0 0 10 1307
DC 0 0 10 1307
DD 0 0 10 1307
DE 0 0 10 1307
DF 0 0 10 1307
E0 0 0 10 1307
E1 0 0 10 1307
E2 0 0 10 1307
E3 0 0 10 1307
E4 0 0 10 1307
E5 0 0 10 1307
E6 0 0 10 1307
E7 0 0 10 1307
E8 0 0 10 1307
E9 0 0 10 1307
EA 0 0 10 1307
EB 0 0 10 1307
EC 0 0 10 1307
ED 0 0 10 1307
EE 0 0 10 1307
EF 0 0 10 1307
F0 0 0 10 1307
F1 0 0 10 1307
F2 0 0 10 1307
F3 0 0 10 1307
F4 0 0 10 1307
F5 0 0 10 1307
F6 0 0 10 1307
F7 0 0 10 1307
F8 0 0 10 1307
F9 0 0 10 1307
FA 0 0 10 1307
00 0 0 10 1307
01 0 0 10 1307
02 0 0 10 1307
03 0 0 10 1307
04 0 0 10 1307
05 0 0 10 1307
06 0 0 10 1307
07 0 0 10 1307
08 0 0 10 1307
09 0 0 10 1307
0A 0 0 10 1307
0B 0 0 10 1307
0C 0 0 10 1307
0D 0 0 10 1307
0E 0 0 10 1307
0F 0 0 10 1307
10 0 0 10 1307
11 0 0 10 1307
12 0 0 10 1307
13 0 0 10 1307
14 0 0 10 1307
15 0 0 10 1307
16 0 0 10 1307
17 0 0 10 1307
18 0 0 10 1307
19 0 0 10 1307
1A 0 0 10 1307
1B 0 0 10 1307
1C 0 0 10 1307
1D 0 0 10 1307
1E 0 0 10 1307
1F 0 0 10 1307
20 0 0 10 1307
21 0 0 10 1307
22 0 0 10 1307
23 0 0 10 1307
24 0 0 10 1307
25 0 0 10 1307
26 0 0 10 1307
27 0 0 10 1307
28 0 0 10 1307
29 0 0 10 1307
2A 0 0 10 1307
2B 0 0 10 1307
2C 0 0 10 1307
2D 0 0 10 1307
2E 0 0 10 1307
2F 0 0 10 1307
30 0 0 10 1307
31 0 0 10 1307
32 0 0 10 1307
33 0 0 10 1307
34 0 0 10 1307
35 0 0 10 1307
36 0 0 10 1307
37 0 0 10 1307
38 0 0 10 1307
39 0 0 10 1307
3A 0 0 10 1307
3B 0 0 10 1307
3C 0 0 10 1307
3D 0 0 10 1307
3E 0 0 10 1307
3F 0 0 10 1307
40 0 0 10 1307
41 0 0 10 1307
42 0 0 10 1307
43 0 0 10 1307
44 0 0 10 1307
45 0 0 10 1307
46 0 0 10 1307
47 0 0 10 1307
48 0 0 10 1307
49 0 0 10 1307
4A 0 0 10 1307
4B 0 0 10 1307
4C 0 0 10 1307
4D 0 0 10 1307
4E 0 0 10 1307
4F 0 0 10 1307
50 0 0 10 1307
51 0 0 10 1307
52 0 0 10 1307
53 0 0 10 1307
54 0 0 10 1307
55 0 0 10 1307
56 0 0 10 1307
57 0 0 10 1307
58 0 0 10 1307
59 0 0 10 1307
5A 0 0 10 1307
5B 0 0 10 1307
5C 0 0 10 1307
5D 0 0 10 1307
5E 0 0 10 1307
5F 0 0 10 1307
60 0 0 10 1307
61 0 0 10 1307
62 0 0 10 1307
63 0 0 10 1307
64 0 0 10 1307
65 0 0 10 1307
66 0 0 10 1307
67 0 0 10 1307
68 0 0 10 1307
69 0 0 10 1307
6A 0 0 10 1307
6B 0 0 10 1307
6C 0 0 10 1307
6D 0 0 10 1307
6E 0 0 10 1307
6F 0 0 10 1307
70 0 0 10 1307
71 0 0 10 1307
72 0 0 10 1307
73 0 0 10 1307
74 0 0 10 1307
75 0 0 10 1307
76 0 0 10 1307
77 0 0 10 1307
78 0 0 10 1307
79 0 0 10 1307
7A 0 0 10 1307
7B 0 0 10 1307
7C 0 0 10 1307
7D 0 0 10 1307
7E 0 0 10 1307
7F 0 0 10 1307
80 0 0 10 1307
81 0 0 10 1307
82 0 0 10 1307
83 0 0 10 1307
84 0 0 10 1307
85 0 0 10 1307
86 0 0 10 1307
87 0 0 10 1307
88 0 0 10 1307
89 0 0 10 1307
8A 0 0 10 1307
8B 0 0 10 1307
8C 0 0 10 1307
8D 0 0 10 1307
8E 0 0 10 1307
8F 0 0 10 1307
90 0 0 10 1307
91 0 0 10 1307
92 0 0 10 1307
93 0 0 10 1307
94 0 0 10 1307
95 0 0 10 1307
96 0 0 10 1307
97 0 0 10 1307
98 0 0 10 1307
99 0 0 10 1307
9A 0 0 10 1307
9B 0 0 10 1307
9C 0 0 10 1307
9D 0 0 10 1307
9E 0 0 10 1307
9F 0 0 10 1307
A0 0 0 10 1307
A1 0 0 10 1307
A2 0 0 10 1307
A3 0 0 10 1307
A4 0 0 10 1307
A5 0 0 10 1307
A6 0 0 10 1307
A7 0 0 10 1307
A8 0 0 10 1307
A9 0 0 10 1307
AA 0 0 10 1307
AB 0 0 10 1307
AC 0 0 10 1307
AD 0 0 10 1307
AE 0 0 10 1307
AF 0 0 10 1307
B0 0 0 10 1307
B1 0 0 10 1307
B2 0 0 10 1307
B3 0 0 10 1307
B4 0 0 10 1307
B5 0 0 10 1307
B6 0 0 10 1307
B7 0 0 10 1307
B8 0 0 10 1307
B9 0 0 10 1307
BA 0 0 10 1307
BB 0 0 10 1307
BC 0 0 10 1307
BD 0 0 10 1307
BE 0 0 10 1307
BF 0 0 10 1307
C0 0 0 10 1307
C1 0 0 10 1307
C2 0 0 10 1307
C3 0 0 10 1307
C4 0 0 10 1307
C5 0 0 10 1307
C6 0 0 10 1307
C7 0 0 10 1307
C8 0 0 10 1307
C9 0 0 10 1307
CA 0 0 10 1307
CB 0 0 10 1307
CC 0 0 10 1307
CD 0 0 10 1307
CE 0 0 10 1307
CF 0 0 10 1307
D0 0 0 10 1307
D1 0 0 10 1307
D2 0 0 10 1307
D3 0 0 10 1307
D4 0 0 10 1307
D5 0 0 10 1307
D6 0 0 10 1307
D7 0 0 10 1307
D8 0 0 10 1307
D9 0 0 10 1307
DA 0 0 10 1307
DB 0 0 10 1307
DC 0 0 10 1307
DD 0 0 10 1307
DE 0 0 10 1307
DF 0 0 10 1307
E0 0 0 10 1307
E1 0 0 10 1307
E2 0 0 10 1307
E3 0 0 10 1307
E4 0 0 10 1307
E5 0 0 10 1307
E6 0 0 10 1307
E7 0 0 10 1307
E8 0 0 10 1307
E9 0 0 10 1307
EA 0 0 10 1307
EB 0 0 10 1307
EC 0 0 10 1307
ED 0 0 10 1307
EE 0 0 10 1307
EF 0 0 10 1307
F0 0 0 10 1307
F1 0 0 10 1307
F2 0 0 10 1307
F3 0 0 10 1307
F4 0 0 10 1307
F5 0 0 10 1307
F6 0 0 10 1307
F7 0 0 10 1307
F8 0 0 10 1307
F9 0 0 10 1307
FA 0 0 10 1307
00 0 0 10 1307
01 0 0 10 1307
02 0 0 10 1307
03 0 0 10 1307
04 0 0 10 1307
05 0 0 10 1307
06 0 0 10 1307
07 0 0 10 1307
08 0 0 10 1307
09 0 0 10 1307
0A 0 0 10 1307
0B 0 0 10 1307
0C 0 0 10 1307
0D 0 0 10 1307
0E 0 0 10 1307
0F 0 0 10 1307
10 0 0 10 1307
11 0 0 10 1307
12 0 0 10 1307
13 0 0 10 1307
14 0 0 10 1307
15 0 0 10 1307
16 0 0 10 1307
17 0 0 10 1307
18 0 0 10 1307
19 0 0 10 1307
1A 0 0 10 1307
1B 0 0 10 1307
1C 0 0 10 1307
1D 0 0 10 1307
1E 0 0 10 1307
1F 0 0 10 1307
20 0 0 10 1307
21 0 0 10 1307
22 0 0 10 1307
23 0 0 10 1307
24 0 0 10 1307
25 0 0 10 1307
26 0 0 10 1307
27 0 0 10 1307
28 0 0 10 1307
29 0 0 10 1307
2A 0 0 10 1307
2B 0 0 10 1307
2C 0 0 10 1307
2D 0 0 10 1307
2E 0 0 10 1307
2F 0 0 10 1307
30 0 0 10 1307
31 0 0 10 1307
32 0 0 10 1307
33 0 0 10 1307
34 0 0 10 1307
35 0 0 10 1307
36 0 0 10 1307
37 0 0 10 1307
38 0 0 10 1307
39 0 0 10 1307
3A 0 0 10 1307
3B 0 0 10 1307
3C 0 0 10 1307
3D 0 0 10 1307
3E 0 0 10 1307
3F 0 0 10 1307
40 0 0 10 1307
41 0 0 10 1307
42 0 0 10 1307
43 0 0 10 1307
44 0 0 10 1307
45 0 0 10 1307
46 0 0 10 1307
47 0 0 10 1307
48 0 0 10 1307
49 0 0 10 1307
4A 0 0 10 1307
4B 0 0 10 1307
4C 0 0 10 1307
4D 0 0 10 1307
4E 0 0 10 1307
4F 0 0 10 1307
50 0 0 10 1307
51 0 0 10 1307
52 0 0 10 1307
53 0 0 10 1307
54 0 0 10 1307
55 0 0 10 1307
56 0 0 10 1307
57 0 0 10 1307
58 0 0 10 1307
59 0 0 10 1307
5A 0 0 10 1307
5B 0 0 10 1307
5C 0 0 10 1307
5D 0 0 10 1307
5E 0 0 10 1307
5F 0 0 10 1307
60 0 0 10 1307
61 0 0 10 1307
62 0 0 10 1307
63 0 0 10 1307
64 0 0 10 1307
65 0 0 10 1307
66 0 0 10 1307
67 0 0 10 1307
68 0 0 10 1307
69 0 0 10 1307
6A 0 0 10 1307
6B 0 0 10 1307
6C 0 0 10 1307
6D 0 0 10 1307
6E 0 0 10 1307
6F 0 0 10 1307
70 0 0 10 1307
71 0 0 10 1307
72 0 0 10 1307
73 0 0 10 1307
74 0 0 10 1307
75 0 0 10 1307
76 0 0 10 1307
77 0 0 10 1307
78 0 0 10 1307
79 0 0 10 1307
7A 0 0 10 1307
7B 0 0 10 1307
7C 0 0 10 1307
7D 0 0 10 1307
7E 0 0 10 1307
7F 0 0 10 1307
80 0 0 10 1307
81 0 0 10 1307
82 0 0 10 1307
83 0 0 10 1307
84 0 0 10 1307
85 0 0 10 1307
86 0 0 10 1307
87 0 0 10 1307
88 0 0 10 1307
89 0 0 10 1307
8A 0 0 10 1307
8B 0 0 10 1307
8C 0 0 10 1307
8D 0 0 10 1307
8E 0 0 10 1307
8F 0 0 10 1307
90 0 0 10 1307
91 0 0 10 1307
92 0 0 10 1307
93 0 0 10 1307
94 0 0 10 1307
95 0 0 10 1307
96 0 0 10 1307
97 0 0 10 1307
98 0 0 10 1307
99 0 0 10 1307
9A 0 0 10 1307
9B 0 0 10 1307
9C 0 0 10 1307
9D 0 0 10 1307
9E 0 0 10 1307
9F 0 0 10 1307
A0 0 0 10 1307
A1 0 0 10 1307
A2 0 0 10 1307
A3 0 0 10 1307
A4 0 0 10 1307
A5 0 0 10 1307
A6 0 0 10 1307
A7 0 0 10 1307
A8 0 0 10 1307
A9 0 0 10 1307
AA 0 0 10 1307
AB 0 0 10 1307
AC 0 0 10 1307
AD 0 0 10 1307
AE 0 0 10 1307
AF 0 0 10 1307
B0 0 0 10 1307
B1 0 0 10 1307
B2 0 0 10 1307
B3 0 0 10 1307
B4 0 0 10 1307
B5 0 0 10 1307
B6 0 0 10 1307
B7 0 0 10 1307
B8 0 0 10 1307
B9 0 0 10 1307
BA 0 0 10 1307
BB 0 0 10 1307
BC 0 0 10 1307
BD 0 0 10 1307
BE 0 0 10 1307
BF 0 0 10 1307
C0 0 0 10 1307
C1 0 0 10 1307
C2 0 0 10 1307
C3 0 0 10 1307
C4 0 0 10 1307
C5 0 0 10 1307
C6 0 0 10 1307
C7 0 0 10 1307
C8 0 0 10 1307
C9 0 0 10 1307
CA 0 0 10 1307
CB 0 0 10 1307
CC 0 0 10 1307
CD 0 0 10 1307
CE 0 0 10 1307
CF 0 0 10 1307
D0 0 0 10 1307
D1 0 0 10 1307
D2 0 0 10 1307
D3 0 0 10 1307
D4 0 0 10 1307
D5 0 0 10 1307
D6 0 0 10 1307
D7 0 0 10 1307
D8 0 0 10 1307
D9 0 0 10 1307
DA 0 0 10 1307
DB 0 0 10 1307
DC 0 0 10 1307
DD 0 0 10 1307
DE 0 0 10 1307
DF 0 0 10 1307
E0 0 0 10 1307
E1 0 0 10 1307
E2 0 0 10 1307
E3 0 0 10 1307
E4 0 0 10 1307
E5 0 0 10 1307
E6 0 0 10 1307
E7 0 0 10 1307
E8 0 0 10 1307
E9 0 0 10 1307
EA 0 0 10 1307
EB 0 0 10 1307
EC 0 0 10 1307
ED 0 0 10 1307
EE 0 0 10 1307
EF 0 0 10 1307
F0 0 0 10 1307
F1 0 0 10 1307
F2 0 0 10 1307
F3 0 0 10 1307
F4 0 0 10 1307
F5 0 0 10 1307
F6 0 0 10 1307
F7 0 0 10 1307
F8 0 0 10 1307
F9 0 0 10 1307
FA 0 0 10 1307
00 0 0 10 1307
01 0 0 10 1307
02 0 0 10 1307
03 0 0 10 1307
04 0 0 10 1307
05 0 0 10 1307
06 0 0 10 1307
07 0 0 10 1307
08 0 0 10 1307
09 0 0 10 1307
0A 0 0 10 1307
0B 0 0 10 1307
0C 0 0 10 1307
0D 0 0 10 1307
0E 0 0 10 1307
0F 0 0 10 1307
10 0 0 10 1307
11 0 0 10 1307
12 0 0 10 1307
13 0 0 10 1307
14 0 0 10 1307
15 0 0 10 1307
16 0 0 10 1307
17 0 0 10 1307
18 0 0 10 1307
19 0 0 10 1307
1A 0 0 10 1307
1B 0 0 10 1307
1C 0 0 10 1307
1D 0 0 10 1307
1E 0 0 10 1307
1F 0 0 10 1307
20 0 0 10 1307
21 0 0 10 1307
22 0 0 10 1307
23 0 0 10 1307
24 0 0 10 1307
25 0 0 10 1307
26 0 0 10 1307
27 0 0 10 1307
28 0 0 10 1307
29 0 0 10 1307
2A 0 0 10 1307
2B 0 0 10 1307
2C 0 0 10 1307
2D 0 0 10 1307
2E 0 0 10 1307
2F 0 0 10 1307
30 0 0 10 1307
31 0 0 10 1307
32 0 0 10 1307
33 0 0 10 1307
34 0 0 10 1307
35 0 0 10 1307
36 0 0 10 1307
37 0 0 10 1307
38 0 0 10 1307
39 0 0 10 1307
3A 0 0 10 1307
3B 0 0 10 1307
3C 0 0 10 1307
3D 0 0 10 1307
3E 0 0 10 1307
3F 0 0 10 1307
40 0 0 10 1307
41 0 0 10 1307
42 0 0 10 1307
43 0 0 10 1307
44 0 0 10 1307
45 0 0 10 1307
46 0 0 10 1307
47 0 0 10 1307
48 0 0 10 1307
49 0 0 10 1307
4A 0 0 10 1307
4B 0 0 10 1307
4C 0 0 10 1307
4D 0 0 10 1307
4E 0 0 10 1307
4F 0 0 10 1307
50 0 0 10 1307
51 0 0 10 1307
52 0 0 10 1307
53 0 0 10 1307
54 0 0 10 1307
55 0 0 10 1307
56 0 0 10 1307
57 0 0 10 1307
58 0 0 10 1307
59 0 0 10 1307
5A 0 0 10 1307
5B 0 0 10 1307
5C 0 0 10 1307
5D 0 0 10 1307
5E 0 0 10 1307
5F 0 0 10 1307
60 0 0 10 1307
61 0 0 10 1307
62 0 0 10 1307
63 0 0 10 1307
64 0 0 10 1307
65 0 0 10 1307
66 0 0 10 1307
67 0 0 10 1307
68 0 0 10 1307
69 0 0 10 1307
6A 0 0 10 1307
6B 0 0 10 1307
6C 0 0 10 1307
6D 0 0 10 1307
6E 0 0 10 1307
6F 0 0 10 1307
70 0 0 10 1307
71 0 0 10 1307
72 0 0 10 1307
73 0 0 10 1307
74 0 0 10 1307
75 0 0 10 1307
76 0 0 10 1307
77 0 0 10 1307
78 0 0 10 1307
79 0 0 10 1307
7A 0 0 10 1307
7B 0 0 10 1307
7C 0 0 10 1307
7D 0 0 10 1307
7E 0 0 10 1307
7F 0 0 10 1307
80 0 0 10 1307
81 0 0 10 1307
82 0 0 10 1307
83 0 0 10 1307
84 0 0 10 1307
85 0 0 10 1307
86 0 0 10 1307
87 0 0 10 1307
88 0 0 10 1307
89 0 0 10 1307
8A 0 0 10 1307
8B 0 0 10 1307
8C 0 0 10 1307
8D 0 0 10 1307
8E 0 0 10 1307
8F 0 0 10 1307
90 0 0 10 1307
91 0 0 10 1307
92 0 0 10 1307
93 0 0 10 1307
94 0 0 10 1307
95 0 0 10 1307
96 0 0 10 1307
97 0 0 10 1307
98 0 0 10 1307
99 0 0 10 1307
9A 0 0 10 1307
9B 0 0 10 1307
9C 0 0 10 1307
9D 0 0 10 1307
9E 0 0 10 1307
9F 0 0 10 1307
A0 0 0 10 1307
A1 0 0 10 1307
A2 0 0 10 1307
A3 0 0 10 1307
A4 0 0 10 1307
A5 0 0 10 1307
A6 0 0 10 1307
A7 0 0 10 1307
A8 0 0 10 1307
A9 0 0 10 1307
AA 0 0 10 1307
AB 0 0 10 1307
AC 0 0 10 1307
AD 0 0 10 1307
AE 0 0 10 1307
AF 0 0 10 1307
B0 0 0 10 1307
B1 0 0 10 1307
B2 0 0 10 1307
B3 0 0 10 1307
B4 0 0 10 1307
B5 0 0 10 1307
B6 0 0 10 1307
B7 0 0 10 1307
B8 0 0 10 1307
B9 0 0 10 1307
BA 0 0 10 1307
BB 0 0 10 1307
BC 0 0 10 1307
BD 0 0 10 1307
BE 0 0 10 1307
BF 0 0 10 1307
C0 0 0 10 1307
C1 0 0 10 1307
C2 0 0 10 1307
C3 0 0 10 1307
C4 0 0 10 1307
C5 0 0 10 1307
C6 0 0 10 1307
C7 0 0 10 1307
C8 0 0 10 1307
C9 0 0 10 1307
CA 0 0 10 1307
CB 0 0 10 1307
CC 0 0 10 1307
CD 0 0 10 1307
CE 0 0 10 1307
CF 0 0 10 1307
D0 0 0 10 1307
D1 0 0 10 1307
D2 0 0 10 1307
D3 0 0 10 1307
D4 0 0 10 1307
D5 0 0 10 1307
D6 0 0 10 1307
D7 0 0 10 1307
D8 0 0 10 1307
D9 0 0 10 1307
DA 0 0 10 1307
DB 0 0 10 1307
DC 0 0 10 1307
DD 0 0 10 1307
DE 0 0 10 1307
DF 0 0 10 1307
E0 0 0 10 1307
E1 0 0 10 1307
E2 0 0 10 1307
E3 0 0 10 1307
E4 0 0 10 1307
E5 0 0 10 1307
E6 0 0 10 1307
E7 0 0 10 1307
E8 0 0 10 1307
E9 0 0 10 1307
EA 0 0 10 1307
EB 0 0 10 1307
EC 0 0 10 1307
ED 0 0 10 1307
EE 0 0 10 1307
EF 0 0 10 1307
F0 0 0 10 1307
F1 0 0 10 1307
F2 0 0 10 1307
F3 0 0 10 1307
F4 0 0 10 1307
F5 0 0 10 1307
F6 0 0 10 1307
F7 0 0 10 1307
F8 0 0 10 1307
F9 0 0 10 1307
FA 0 0 10 1307
00 0 0 10 1307
01 0 0 10 1307
02 0 0 10 1307
03 0 0 10 1307
04 0 0 10 1307
05 1 1 10 1307
00 0 0 11 2340
0A 0 0 11 2340
35 0 0 11 2340
01 0 0 11 2340
02 0 0 11 2340
03 0 0 11 2340
DE 0 0 11 2340
AD 0 0 11 2340
BE 0 0 11 2340
EF 0 0 11 2340
00 0 0 11 2340
01 0 0 11 2340
08 0 0 11 2340
00 0 0 11 2340
0B 0 0 11 2340
0C 0 0 11 2340
0D 0 0 11 2340
0E 0 0 11 2340
0F 0 0 11 2340
10 0 0 11 2340
11 0 0 11 2340
12 0 0 11 2340
13 0 0 11 2340
14 0 0 11 2340
15 0 0 11 2340
16 0 0 11 2340
17 0 0 11 2340
18 0 0 11 2340
19 0 0 11 2340
1A 0 0 11 2340
1B 0 0 11 2340
1C 0 0 11 2340
1D 0 0 11 2340
1E 0 0 11 2340
1F 0 0 11 2340
20 0 0 11 2340
21 0 0 11 2340
22 0 0 11 2340
23 0 0 11 2340
24 0 0 11 2340
25 0 0 11 2340
26 0 0 11 2340
27 0 0 11 2340
28 0 0 11 2340
29 0 0 11 2340
2A 0 0 11 2340
2B 0 0 11 2340
2C 0 0 11 2340
2D 0 0 11 2340
2E 0 0 11 2340
2F 0 0 11 2340
30 0 0 11 2340
31 0 0 11 2340
32 0 0 11 2340
33 0 0 11 2340
34 0 0 11 2340
35 0 0 11 2340
36 0 0 11 2340
37 0 0 11 2340
38 0 0 11 2340
39 0 0 11 2340
3A 0 0 11 2340
3B 0 0 11 2340
3C 0 0 11 2340
3D 0 0 11 2340
3E 0 0 11 2340
3F 0 0 11 2340
40 0 0 11 2340
41 0 0 11 2340
42 0 0 11 2340
43 0 0 11 2340
44 0 0 11 2340
45 0 0 11 2340
46 0 0 11 2340
47 0 0 11 2340
48 0 0 11 2340
49 0 0 11 2340
4A 0 0 11 2340
4B 0 0 11 2340
4C 0 0 11 2340
4D 0 0 11 2340
4E 0 0 11 2340
4F 0 0 11 2340
50 0 0 11 2340
51 0 0 11 2340
52 0 0 11 2340
53 0 0 11 2340
54 0 0 11 2340
55 0 0 11 2340
56 0 0 11 2340
57 0 0 11 2340
58 0 0 11 2340
59 0 0 11 2340
5A 0 0 11 2340
5B 0 0 11 2340
5C 0 0 11 2340
5D 0 0 11 2340
5E 0 0 11 2340
5F 0 0 11 2340
60 0 0 11 2340
61 0 0 11 2340
62 0 0 11 2340
63 0 0 11 2340
64 0 0 11 2340
65 0 0 11 2340
66 0 0 11 2340
67 0 0 11 2340
68 0 0 11 2340
69 0 0 11 2340
6A 0 0 11 2340
6B 0 0 11 2340
6C 0 0 11 2340
6D 0 0 11 2340
6E 0 0 11 2340
6F 0 0 11 2340
70 0 0 11 2340
71 0 0 11 2340
72 0 0 11 2340
73 0 0 11 2340
74 0 0 11 2340
75 0 0 11 2340
76 0 0 11 2340
77 0 0 11 2340
78 0 0 11 2340
79 0 0 11 2340
7A 0 0 11 2340
7B 0 0 11 2340
7C 0 0 11 2340
7D 0 0 11 2340
7E 0 0 11 2340
7F 0 0 11 2340
80 0 0 11 2340
81 0 0 11 2340
82 0 0 11 2340
83 0 0 11 2340
84 0 0 11 2340
85 0 0 11 2340
86 0 0 11 2340
87 0 0 11 2340
88 0 0 11 2340
89 0 0 11 2340
8A 0 0 11 2340
8B 0 0 11 2340
8C 0 0 11 2340
8D 0 0 11 2340
8E 0 0 11 2340
8F 0 0 11 2340
90 0 0 11 2340
91 0 0 11 2340
92 0 0 11 2340
93 0 0 11 2340
94 0 0 11 2340
95 0 0 11 2340
96 0 0 11 2340
97 0 0 11 2340
98 0 0 11 2340
99 0 0 11 2340
9A 0 0 11 2340
9B 0 0 11 2340
9C 0 0 11 2340
9D 0 0 11 2340
9E 0 0 11 2340
9F 0 0 11 2340
A0 0 0 11 2340
A1 0 0 11 2340
A2 0 0 11 2340
A3 0 0 11 2340
A4 0 0 11 2340
A5 0 0 11 2340
A6 0 0 11 2340
A7 0 0 11 2340
A8 0 0 11 2340
A9 0 0 11 2340
AA 0 0 11 2340
AB 0 0 11 2340
AC 0 0 11 2340
AD 0 0 11 2340
AE 0 0 11 2340
AF 0 0 11 2340
B0 0 0 11 2340
B1 0 0 11 2340
B2 0 0 11 2340
B3 0 0 11 2340
B4 0 0 11 2340
B5 0 0 11 2340
B6 0 0 11 2340
B7 0 0 11 2340
B8 0 0 11 2340
B9 0 0 11 2340
BA 0 0 11 2340
BB 0 0 11 2340
BC 0 0 11 2340
BD 0 0 11 2340
BE 0 0 11 2340
BF 0 0 11 2340
C0 0 0 11 2340
C1 0 0 11 2340
C2 0 0 11 2340
C3 0 0 11 2340
C4 0 0 11 2340
C5 0 0 11 2340
C6 0 0 11 2340
C7 0 0 11 2340
C8 0 0 11 2340
C9 0 0 11 2340
CA 0 0 11 2340
CB 0 0 11 2340
CC 0 0 11 2340
CD 0 0 11 2340
CE 0 0 11 2340
CF 0 0 11 2340
D0 0 0 11 2340
D1 0 0 11 2340
D2 0 0 11 2340
D3 0 0 11 2340
D4 0 0 11 2340
D5 0 0 11 2340
D6 0 0 11 2340
D7 0 0 11 2340
D8 0 0 11 2340
D9 0 0 11 2340
DA 0 0 11 2340
DB 0 0 11 2340
DC 0 0 11 2340
DD 0 0 11 2340
DE 0 0 11 2340
DF 0 0 11 2340
E0 0 0 11 2340
E1 0 0 11 2340
E2 0 0 11 2340
E3 0 0 11 2340
E4 0 0 11 2340
E5 0 0 11 2340
E6 0 0 11 2340
E7 0 0 11 2340
E8 0 0 11 2340
E9 0 0 11 2340
EA 0 0 11 2340
EB 0 0 11 2340
EC 0 0 11 2340
ED 0 0 11 2340
EE 0 0 11 2340
EF 0 0 11 2340
F0 0 0 11 2340
F1 0 0 11 2340
F2 0 0 11 2340
F3 0 0 11 2340
F4 0 0 11 2340
F5 0 0 11 2340
F6 0 0 11 2340
F7 0 0 11 2340
F8 0 0 11 2340
F9 0 0 11 2340
FA 0 0 11 2340
00 0 0 11 2340
01 0 0 11 2340
02 0 0 11 2340
03 0 0 11 2340
04 0 0 11 2340
05 0 0 11 2340
06 0 0 11 2340
07 0 0 11 2340
08 0 0 11 2340
09 0 0 11 2340
0A 0 0 11 2340
0B 0 0 11 2340
0C 0 0 11 2340
0D 0 0 11 2340
0E 0 0 11 2340
0F 0 0 11 2340
10 0 0 11 2340
11 0 0 11 2340
12 0 0 11 2340
13 0 0 11 2340
14 0 0 11 2340
15 0 0 11 2340
16 0 0 11 2340
17 0 0 11 2340
18 0 0 11 2340
19 0 0 11 2340
1A 0 0 11 2340
1B 0 0 11 2340
1C 0 0 11 2340
1D 0 0 11 2340
1E 0 0 11 2340
1F 0 0 11 2340
20 0 0 11 2340
21 0 0 11 2340
22 0 0 11 2340
23 0 0 11 2340
24 0 0 11 2340
25 0 0 11 2340
26 0 0 11 2340
27 0 0 11 2340
28 0 0 11 2340
29 0 0 11 2340
2A 0 0 11 2340
2B 0 0 11 2340
2C 0 0 11 2340
2D 0 0 11 2340
2E 0 0 11 2340
2F 0 0 11 2340
30 0 0 11 2340
31 0 0 11 2340
32 0 0 11 2340
33 0 0 11 2340
34 0 0 11 2340
35 0 0 11 2340
36 0 0 11 2340
37 0 0 11 2340
38 0 0 11 2340
39 0 0 11 2340
3A 0 0 11 2340
3B 0 0 11 2340
3C 0 0 11 2340
3D 0 0 11 2340
3E 0 0 11 2340
3F 0 0 11 2340
40 0 0 11 2340
41 0 0 11 2340
42 0 0 11 2340
43 0 0 11 2340
44 0 0 11 2340
45 0 0 11 2340
46 0 0 11 2340
47 0 0 11 2340
48 0 0 11 2340
49 0 0 11 2340
4A 0 0 11 2340
4B 0 0 11 2340
4C 0 0 11 2340
4D 0 0 11 2340
4E 0 0 11 2340
4F 0 0 11 2340
50 0 0 11 2340
51 0 0 11 2340
52 0 0 11 2340
53 0 0 11 2340
54 0 0 11 2340
55 0 0 11 2340
56 0 0 11 2340
57 0 0 11 2340
58 0 0 11 2340
59 0 0 11 2340
5A 0 0 11 2340
5B 0 0 11 2340
5C 0 0 11 2340
5D 0 0 11 2340
5E 0 0 11 2340
5F 0 0 11 2340
60 0 0 11 2340
61 0 0 11 2340
62 0 0 11 2340
63 0 0 11 2340
64 0 0 11 2340
65 0 0 11 2340
66 0 0 11 2340
67 0 0 11 2340
68 0 0 11 2340
69 0 0 11 2340
6A 0 0 11 2340
6B 0 0 11 2340
6C 0 0 11 2340
6D 0 0 11 2340
6E 0 0 11 2340
6F 0 0 11 2340
70 0 0 11 2340
71 0 0 11 2340
72 0 0 11 2340
73 0 0 11 2340
74 0 0 11 2340
75 0 0 11 2340
76 0 0 11 2340
77 0 0 11 2340
78 0 0 11 2340
79 0 0 11 2340
7A 0 0 11 2340
7B 0 0 11 2340
7C 0 0 11 2340
7D 0 0 11 2340
7E 0 0 11 2340
7F 0 0 11 2340
80 0 0 11 2340
81 0 0 11 2340
82 0 0 11 2340
83 0 0 11 2340
84 0 0 11 2340
85 0 0 11 2340
86 0 0 11 2340
87 0 0 11 2340
88 0 0 11 2340
89 0 0 11 2340
8A 0 0 11 2340
8B 0 0 11 2340
8C 0 0 11 2340
8D 0 0 11 2340
8E 0 0 11 2340
8F 0 0 11 2340
90 0 0 11 2340
91 0 0 11 2340
92 0 0 11 2340
93 0 0 11 2340
94 0 0 11 2340
95 0 0 11 2340
96 0 0 11 2340
97 0 0 11 2340
98 0 0 11 2340
99 0 0 11 2340
9A 0 0 11 2340
9B 0 0 11 2340
9C 0 0 11 2340
9D 0 0 11 2340
9E 0 0 11 2340
9F 0 0 11 2340
A0 0 0 11 2340
A1 0 0 11 2340
A2 0 0 11 2340
A3 0 0 11 2340
A4 0 0 11 2340
A5 0 0 11 2340
A6 0 0 11 2340
A7 0 0 11 2340
A8 0 0 11 2340
A9 0 0 11 2340
AA 0 0 11 2340
AB 0 0 11 2340
AC 0 0 11 2340
AD 0 0 11 2340
AE 0 0 11 2340
AF 0 0 11 2340
B0 0 0 11 2340
B1 0 0 11 2340
B2 0 0 11 2340
B3 0 0 11 2340
B4 0 0 11 2340
B5 0 0 11 2340
B6 0 0 11 2340
B7 0 0 11 2340
B8 0 0 11 2340
B9 0 0 11 2340
BA 0 0 11 2340
BB 0 0 11 2340
BC 0 0 11 2340
BD 0 0 11 2340
BE 0 0 11 2340
BF 0 0 11 2340
C0 0 0 11 2340
C1 0 0 11 2340
C2 0 0 11 2340
C3 0 0 11 2340
C4 0 0 11 2340
C5 0 0 11 2340
C6 0 0 11 2340
C7 0 0 11 2340
C8 0 0 11 2340
C9 0 0 11 2340
CA 0 0 11 2340
CB 0 0 11 2340
CC 0 0 11 2340
CD 0 0 11 2340
CE 0 0 11 2340
CF 0 0 11 2340
D0 0 0 11 2340
D1 0 0 11 2340
D2 0 0 11 2340
D3 0 0 11 2340
D4 0 0 11 2340
D5 0 0 11 2340
D6 0 0 11 2340
D7 0 0 11 2340
D8 0 0 11 2340
D9 0 0 11 2340
DA 0 0 11 2340
DB 0 0 11 2340
DC 0 0 11 2340
DD 0 0 11 2340
DE 0 0 11 2340
DF 0 0 11 2340
E0 0 0 11 2340
E1 0 0 11 2340
E2 0 0 11 2340
E3 0 0 11 2340
E4 0 0 11 2340
E5 0 0 11 2340
E6 0 0 11 2340
E7 0 0 11 2340
E8 0 0 11 2340
E9 0 0 11 2340
EA 0 0 11 2340
EB 0 0 11 2340
EC 0 0 11 2340
ED 0 0 11 2340
EE 0 0 11 2340
EF 0 0 11 2340
F0 0 0 11 2340
F1 0 0 11 2340
F2 0 0 11 2340
F3 0 0 11 2340
F4 0 0 11 2340
F5 0 0 11 2340
F6 0 0 11 2340
F7 0 0 11 2340
F8 0 0 11 2340
F9 0 0 11 2340
FA 0 0 11 2340
00 0 0 11 2340
01 0 0 11 2340
02 0 0 11 2340
03 0 0 11 2340
04 0 0 11 2340
05 0 0 11 2340
06 0 0 11 2340
07 0 0 11 2340
08 0 0 11 2340
09 0 0 11 2340
0A 0 0 11 2340
0B 0 0 11 2340
0C 0 0 11 2340
0D 0 0 11 2340
0E 0 0 11 2340
0F 0 0 11 2340
10 0 0 11 2340
11 0 0 11 2340
12 0 0 11 2340
13 0 0 11 2340
14 0 0 11 2340
15 0 0 11 2340
16 0 0 11 2340
17 0 0 11 2340
18 0 0 11 2340
19 0 0 11 2340
1A 0 0 11 2340
1B 0 0 11 2340
1C 0 0 11 2340
1D 0 0 11 2340
1E 0 0 11 2340
1F 0 0 11 2340
20 0 0 11 2340
21 0 0 11 2340
22 0 0 11 2340
23 0 0 11 2340
24 0 0 11 2340
25 0 0 11 2340
26 0 0 11 2340
27 0 0 11 2340
28 0 0 11 2340
29 0 0 11 2340
2A 0 0 11 2340
2B 0 0 11 2340
2C 0 0 11 2340
2D 0 0 11 2340
2E 0 0 11 2340
2F 0 0 11 2340
30 0 0 11 2340
31 0 0 11 2340
32 0 0 11 2340
33 0 0 11 2340
34 0 0 11 2340
35 0 0 11 2340
36 0 0 11 2340
37 0 0 11 2340
38 0 0 11 2340
39 0 0 11 2340
3A 0 0 11 2340
3B 0 0 11 2340
3C 0 0 11 2340
3D 0 0 11 2340
3E 0 0 11 2340
3F 0 0 11 2340
40 0 0 11 2340
41 0 0 11 2340
42 0 0 11 2340
43 0 0 11 2340
44 0 0 11 2340
45 0 0 11 2340
46 0 0 11 2340
47 0 0 11 2340
48 0 0 11 2340
49 0 0 11 2340
4A 0 0 11 2340
4B 0 0 11 2340
4C 0 0 11 2340
4D 0 0 11 2340
4E 0 0 11 2340
4F 0 0 11 2340
50 0 0 11 2340
51 0 0 11 2340
52 0 0 11 2340
53 0 0 11 2340
54 0 0 11 2340
55 0 0 11 2340
56 0 0 11 2340
57 0 0 11 2340
58 0 0 11 2340
59 0 0 11 2340
5A 0 0 11 2340
5B 0 0 11 2340
5C 0 0 11 2340
5D 0 0 11 2340
5E 0 0 11 2340
5F 0 0 11 2340
60 0 0 11 2340
61 0 0 11 2340
62 0 0 11 2340
63 0 0 11 2340
64 0 0 11 2340
65 0 0 11 2340
66 0 0 11 2340
67 0 0 11 2340
68 0 0 11 2340
69 0 0 11 2340
6A 0 0 11 2340
6B 0 0 11 2340
6C 0 0 11 2340
6D 0 0 11 2340
6E 0 0 11 2340
6F 0 0 11 2340
70 0 0 11 2340
71 0 0 11 2340
72 0 0 11 2340
73 0 0 11 2340
74 0 0 11 2340
75 0 0 11 2340
76 0 0 11 2340
77 0 0 11 2340
78 0 0 11 2340
79 0 0 11 2340
7A 0 0 11 2340
7B 0 0 11 2340
7C 0 0 11 2340
7D 0 0 11 2340
7E 0 0 11 2340
7F 0 0 11 2340
80 0 0 11 2340
81 0 0 11 2340
82 0 0 11 2340
83 0 0 11 2340
84 0 0 11 2340
85 0 0 11 2340
86 0 0 11 2340
87 0 0 11 2340
88 0 0 11 2340
89 0 0 11 2340
8A 0 0 11 2340
8B 0 0 11 2340
8C 0 0 11 2340
8D 0 0 11 2340
8E 0 0 11 2340
8F 0 0 11 2340
90 0 0 11 2340
91 0 0 11 2340
92 0 0 11 2340
93 0 0 11 2340
94 0 0 11 2340
95 0 0 11 2340
96 0 0 11 2340
97 0 0 11 2340
98 0 0 11 2340
99 0 0 11 2340
9A 0 0 11 2340
9B 0 0 11 2340
9C 0 0 11 2340
9D 0 0 11 2340
9E 0 0 11 2340
9F 0 0 11 2340
A0 0 0 11 2340
A1 0 0 11 2340
A2 0 0 11 2340
A3 0 0 11 2340
A4 0 0 11 2340
A5 0 0 11 2340
A6 0 0 11 2340
A7 0 0 11 2340
A8 0 0 11 2340
A9 0 0 11 2340
AA 0 0 11 2340
AB 0 0 11 2340
AC 0 0 11 2340
AD 0 0 11 2340
AE 0 0 11 2340
AF 0 0 11 2340
B0 0 0 11 2340
B1 0 0 11 2340
B2 0 0 11 2340
B3 0 0 11 2340
B4 0 0 11 2340
B5 0 0 11 2340
B6 0 0 11 2340
B7 0 0 11 2340
B8 0 0 11 2340
B9 0 0 11 2340
BA 0 0 11 2340
BB 0 0 11 2340
BC 0 0 11 2340
BD 0 0 11 2340
BE 0 0 11 2340
BF 0 0 11 2340
C0 0 0 11 2340
C1 0 0 11 2340
C2 0 0 11 2340
C3 0 0 11 2340
C4 0 0 11 2340
C5 0 0 11 2340
C6 0 0 11 2340
C7 0 0 11 2340
C8 0 0 11 2340
C9 0 0 11 2340
CA 0 0 11 2340
CB 0 0 11 2340
CC 0 0 11 2340
CD 0 0 11 2340
CE 0 0 11 2340
CF 0 0 11 2340
D0 0 0 11 2340
D1 0 0 11 2340
D2 0 0 11 2340
D3 0 0 11 2340
D4 0 0 11 2340
D5 0 0 11 2340
D6 0 0 11 2340
D7 0 0 11 2340
D8 0 0 11 2340
D9 0 0 11 2340
DA 0 0 11 2340
DB 0 0 11 2340
DC 0 0 11 2340
DD 0 0 11 2340
DE 0 0 11 2340
DF 0 0 11 2340
E0 0 0 11 2340
E1 0 0 11 2340
E2 0 0 11 2340
E3 0 0 11 2340
E4 0 0 11 2340
E5 0 0 11 2340
E6 0 0 11 2340
E7 0 0 11 2340
E8 0 0 11 2340
E9 0 0 11 2340
EA 0 0 11 2340
EB 0 0 11 2340
EC 0 0 11 2340
ED 0 0 11 2340
EE 0 0 11 2340
EF 0 0 11 2340
F0 0 0 11 2340
F1 0 0 11 2340
F2 0 0 11 2340
F3 0 0 11 2340
F4 0 0 11 2340
F5 0 0 11 2340
F6 0 0 11 2340
F7 0 0 11 2340
F8 0 0 11 2340
F9 0 0 11 2340
FA 0 0 11 2340
00 0 0 11 2340
01 0 0 11 2340
02 0 0 11 2340
03 0 0 11 2340
04 0 0 11 2340
05 0 0 11 2340
06 0 0 11 2340
07 0 0 11 2340
08 0 0 11 2340
09 0 0 11 2340
0A 0 0 11 2340
0B 0 0 11 2340
0C 0 0 11 2340
0D 0 0 11 2340
0E 0 0 11 2340
0F 0 0 11 2340
10 0 0 11 2340
11 0 0 11 2340
12 0 0 11 2340
13 0 0 11 2340
14 0 0 11 2340
15 0 0 11 2340
16 0 0 11 2340
17 0 0 11 2340
18 0 0 11 2340
19 0 0 11 2340
1A 0 0 11 2340
1B 0 0 11 2340
1C 0 0 11 2340
1D 0 0 11 2340
1E 0 0 11 2340
1F 0 0 11 2340
20 0 0 11 2340
21 0 0 11 2340
22 0 0 11 2340
23 0 0 11 2340
24 0 0 11 2340
25 0 0 11 2340
26 0 0 11 2340
27 0 0 11 2340
28 0 0 11 2340
29 0 0 11 2340
2A 0 0 11 2340
2B 0 0 11 2340
2C 0 0 11 2340
2D 0 0 11 2340
2E 0 0 11 2340
2F 0 0 11 2340
30 0 0 11 2340
31 0 0 11 2340
32 0 0 11 2340
33 0 0 11 2340
34 0 0 11 2340
35 0 0 11 2340
36 0 0 11 2340
37 0 0 11 2340
38 0 0 11 2340
39 0 0 11 2340
3A 0 0 11 2340
3B 0 0 11 2340
3C 0 0 11 2340
3D 0 0 11 2340
3E 0 0 11 2340
3F 0 0 11 2340
40 0 0 11 2340
41 0 0 11 2340
42 0 0 11 2340
43 0 0 11 2340
44 0 0 11 2340
45 0 0 11 2340
46 0 0 11 2340
47 0 0 11 2340
48 0 0 11 2340
49 0 0 11 2340
4A 0 0 11 2340
4B 0 0 11 2340
4C 0 0 11 2340
4D 0 0 11 2340
4E 0 0 11 2340
4F 0 0 11 2340
50 0 0 11 2340
51 0 0 11 2340
52 0 0 11 2340
53 0 0 11 2340
54 0 0 11 2340
55 0 0 11 2340
56 0 0 11 2340
57 0 0 11 2340
58 0 0 11 2340
59 0 0 11 2340
5A 0 0 11 2340
5B 0 0 11 2340
5C 0 0 11 2340
5D 0 0 11 2340
5E 0 0 11 2340
5F 0 0 11 2340
60 0 0 11 2340
61 0 0 11 2340
62 0 0 11 2340
63 0 0 11 2340
64 0 0 11 2340
65 0 0 11 2340
66 0 0 11 2340
67 0 0 11 2340
68 0 0 11 2340
69 0 0 11 2340
6A 0 0 11 2340
6B 0 0 11 2340
6C 0 0 11 2340
6D 0 0 11 2340
6E 0 0 11 2340
6F 0 0 11 2340
70 0 0 11 2340
71 0 0 11 2340
72 0 0 11 2340
73 0 0 11 2340
74 0 0 11 2340
75 0 0 11 2340
76 0 0 11 2340
77 0 0 11 2340
78 0 0 11 2340
79 0 0 11 2340
7A 0 0 11 2340
7B 0 0 11 2340
7C 0 0 11 2340
7D 0 0 11 2340
7E 0 0 11 2340
7F 0 0 11 2340
80 0 0 11 2340
81 0 0 11 2340
82 0 0 11 2340
83 0 0 11 2340
84 0 0 11 2340
85 0 0 11 2340
86 0 0 11 2340
87 0 0 11 2340
88 0 0 11 2340
89 0 0 11 2340
8A 0 0 11 2340
8B 0 0 11 2340
8C 0 0 11 2340
8D 0 0 11 2340
8E 0 0 11 2340
8F 0 0 11 2340
90 0 0 11 2340
91 0 0 11 2340
92 0 0 11 2340
93 0 0 11 2340
94 0 0 11 2340
95 0 0 11 2340
96 0 0 11 2340
97 0 0 11 2340
98 0 0 11 2340
99 0 0 11 2340
9A 0 0 11 2340
9B 0 0 11 2340
9C 0 0 11 2340
9D 0 0 11 2340
9E 0 0 11 2340
9F 0 0 11 2340
A0 0 0 11 2340
A1 0 0 11 2340
A2 0 0 11 2340
A3 0 0 11 2340
A4 0 0 11 2340
A5 0 0 11 2340
A6 0 0 11 2340
A7 0 0 11 2340
A8 0 0 11 2340
A9 0 0 11 2340
AA 0 0 11 2340
AB 0 0 11 2340
AC 0 0 11 2340
AD 0 0 11 2340
AE 0 0 11 2340
AF 0 0 11 2340
B0 0 0 11 2340
B1 0 0 11 2340
B2 0 0 11 2340
B3 0 0 11 2340
B4 0 0 11 2340
B5 0 0 11 2340
B6 0 0 11 2340
B7 0 0 11 2340
B8 0 0 11 2340
B9 0 0 11 2340
BA 0 0 11 2340
BB 0 0 11 2340
BC 0 0 11 2340
BD 0 0 11 2340
BE 0 0 11 2340
BF 0 0 11 2340
C0 0 0 11 2340
C1 0 0 11 2340
C2 0 0 11 2340
C3 0 0 11 2340
C4 0 0 11 2340
C5 0 0 11 2340
C6 0 0 11 2340
C7 0 0 11 2340
C8 0 0 11 2340
C9 0 0 11 2340
CA 0 0 11 2340
CB 0 0 11 2340
CC 0 0 11 2340
CD 0 0 11 2340
CE 0 0 11 2340
CF 0 0 11 2340
D0 0 0 11 2340
D1 0 0 11 2340
D2 0 0 11 2340
D3 0 0 11 2340
D4 0 0 11 2340
D5 0 0 11 2340
D6 0 0 11 2340
D7 0 0 11 2340
D8 0 0 11 2340
D9 0 0 11 2340
DA 0 0 11 2340
DB 0 0 11 2340
DC 0 0 11 2340
DD 0 0 11 2340
DE 0 0 11 2340
DF 0 0 11 2340
E0 0 0 11 2340
E1 0 0 11 2340
E2 0 0 11 2340
E3 0 0 11 2340
E4 0 0 11 2340
E5 0 0 11 2340
E6 0 0 11 2340
E7 0 0 11 2340
E8 0 0 11 2340
E9 0 0 11 2340
EA 0 0 11 2340
EB 0 0 11 2340
EC 0 0 11 2340
ED 0 0 11 2340
EE 0 0 11 2340
EF 0 0 11 2340
F0 0 0 11 2340
F1 0 0 11 2340
F2 0 0 11 2340
F3 0 0 11 2340
F4 0 0 11 2340
F5 0 0 11 2340
F6 0 0 11 2340
F7 0 0 11 2340
F8 0 0 11 2340
F9 0 0 11 2340
FA 0 0 11 2340
00 0 0 11 2340
01 0 0 11 2340
02 0 0 11 2340
03 0 0 11 2340
04 0 0 11 2340
05 0 0 11 2340
06 0 0 11 2340
07 0 0 11 2340
08 0 0 11 2340
09 0 0 11 2340
0A 0 0 11 2340
0B 0 0 11 2340
0C 0 0 11 2340
0D 0 0 11 2340
0E 0 0 11 2340
0F 0 0 11 2340
10 0 0 11 2340
11 0 0 11 2340
12 0 0 11 2340
13 0 0 11 2340
14 0 0 11 2340
15 0 0 11 2340
16 0 0 11 2340
17 0 0 11 2340
18 0 0 11 2340
19 0 0 11 2340
1A 0 0 11 2340
1B 0 0 11 2340
1C 0 0 11 2340
1D 0 0 11 2340
1E 0 0 11 2340
1F 0 0 11 2340
20 0 0 11 2340
21 0 0 11 2340
22 0 0 11 2340
23 0 0 11 2340
24 0 0 11 2340
25 0 0 11 2340
26 0 0 11 2340
27 0 0 11 2340
28 0 0 11 2340
29 0 0 11 2340
2A 0 0 11 2340
2B 0 0 11 2340
2C 0 0 11 2340
2D 0 0 11 2340
2E 0 0 11 2340
2F 0 0 11 2340
30 0 0 11 2340
31 0 0 11 2340
32 0 0 11 2340
33 0 0 11 2340
34 0 0 11 2340
35 0 0 11 2340
36 0 0 11 2340
37 0 0 11 2340
38 0 0 11 2340
39 0 0 11 2340
3A 0 0 11 2340
3B 0 0 11 2340
3C 0 0 11 2340
3D 0 0 11 2340
3E 0 0 11 2340
3F 0 0 11 2340
40 0 0 11 2340
41 0 0 11 2340
42 0 0 11 2340
43 0 0 11 2340
44 0 0 11 2340
45 0 0 11 2340
46 0 0 11 2340
47 0 0 11 2340
48 0 0 11 2340
49 0 0 11 2340
4A 0 0 11 2340
4B 0 0 11 2340
4C 0 0 11 2340
4D 0 0 11 2340
4E 0 0 11 2340
4F 0 0 11 2340
50 0 0 11 2340
51 0 0 11 2340
52 0 0 11 2340
53 0 0 11 2340
54 0 0 11 2340
55 0 0 11 2340
56 0 0 11 2340
57 0 0 11 2340
58 0 0 11 2340
59 0 0 11 2340
5A 0 0 11 2340
5B 0 0 11 2340
5C 0 0 11 2340
5D 0 0 11 2340
5E 0 0 11 2340
5F 0 0 11 2340
60 0 0 11 2340
61 0 0 11 2340
62 0 0 11 2340
63 0 0 11 2340
64 0 0 11 2340
65 0 0 11 2340
66 0 0 11 2340
67 0 0 11 2340
68 0 0 11 2340
69 0 0 11 2340
6A 0 0 11 2340
6B 0 0 11 2340
6C 0 0 11 2340
6D 0 0 11 2340
6E 0 0 11 2340
6F 0 0 11 2340
70 0 0 11 2340
71 0 0 11 2340
72 0 0 11 2340
73 0 0 11 2340
74 0 0 11 2340
75 0 0 11 2340
76 0 0 11 2340
77 0 0 11 2340
78 0 0 11 2340
79 0 0 11 2340
7A 0 0 11 2340
7B 0 0 11 2340
7C 0 0 11 2340
7D 0 0 11 2340
7E 0 0 11 2340
7F 0 0 11 2340
80 0 0 11 2340
81 0 0 11 2340
82 0 0 11 2340
83 0 0 11 2340
84 0 0 11 2340
85 0 0 11 2340
86 0 0 11 2340
87 0 0 11 2340
88 0 0 11 2340
89 0 0 11 2340
8A 0 0 11 2340
8B 0 0 11 2340
8C 0 0 11 2340
8D 0 0 11 2340
8E 0 0 11 2340
8F 0 0 11 2340
90 0 0 11 2340
91 0 0 11 2340
92 0 0 11 2340
93 0 0 11 2340
94 0 0 11 2340
95 0 0 11 2340
96 0 0 11 2340
97 0 0 11 2340
98 0 0 11 2340
99 0 0 11 2340
9A 0 0 11 2340
9B 0 0 11 2340
9C 0 0 11 2340
9D 0 0 11 2340
9E 0 0 11 2340
9F 0 0 11 2340
A0 0 0 11 2340
A1 0 0 11 2340
A2 0 0 11 2340
A3 0 0 11 2340
A4 0 0 11 2340
A5 0 0 11 2340
A6 0 0 11 2340
A7 0 0 11 2340
A8 0 0 11 2340
A9 0 0 11 2340
AA 0 0 11 2340
AB 0 0 11 2340
AC 0 0 11 2340
AD 0 0 11 2340
AE 0 0 11 2340
AF 0 0 11 2340
B0 0 0 11 2340
B1 0 0 11 2340
B2 0 0 11 2340
B3 0 0 11 2340
B4 0 0 11 2340
B5 0 0 11 2340
B6 0 0 11 2340
B7 0 0 11 2340
B8 0 0 11 2340
B9 0 0 11 2340
BA 0 0 11 2340
BB 0 0 11 2340
BC 0 0 11 2340
BD 0 0 11 2340
BE 0 0 11 2340
BF 0 0 11 2340
C0 0 0 11 2340
C1 0 0 11 2340
C2 0 0 11 2340
C3 0 0 11 2340
C4 0 0 11 2340
C5 0 0 11 2340
C6 0 0 11 2340
C7 0 0 11 2340
C8 0 0 11 2340
C9 0 0 11 2340
CA 0 0 11 2340
CB 0 0 11 2340
CC 0 0 11 2340
CD 0 0 11 2340
CE 0 0 11 2340
CF 0 0 11 2340
D0 0 0 11 2340
D1 0 0 11 2340
D2 0 0 11 2340
D3 0 0 11 2340
D4 0 0 11 2340
D5 0 0 11 2340
D6 0 0 11 2340
D7 0 0 11 2340
D8 0 0 11 2340
D9 0 0 11 2340
DA 0 0 11 2340
DB 0 0 11 2340
DC 0 0 11 2340
DD 0 0 11 2340
DE 0 0 11 2340
DF 0 0 11 2340
E0 0 0 11 2340
E1 0 0 11 2340
E2 0 0 11 2340
E3 0 0 11 2340
E4 0 0 11 2340
E5 0 0 11 2340
E6 0 0 11 2340
E7 0 0 11 2340
E8 0 0 11 2340
E9 0 0 11 2340
EA 0 0 11 2340
EB 0 0 11 2340
EC 0 0 11 2340
ED 0 0 11 2340
EE 0 0 11 2340
EF 0 0 11 2340
F0 0 0 11 2340
F1 0 0 11 2340
F2 0 0 11 2340
F3 0 0 11 2340
F4 0 0 11 2340
F5 0 0 11 2340
F6 0 0 11 2340
F7 0 0 11 2340
F8 0 0 11 2340
F9 0 0 11 2340
FA 0 0 11 2340
00 0 0 11 2340
01 0 0 11 2340
02 0 0 11 2340
03 0 0 11 2340
04 0 0 11 2340
05 0 0 11 2340
06 0 0 11 2340
07 0 0 11 2340
08 0 0 11 2340
09 0 0 11 2340
0A 0 0 11 2340
0B 0 0 11 2340
0C 0 0 11 2340
0D 0 0 11 2340
0E 0 0 11 2340
0F 0 0 11 2340
10 0 0 11 2340
11 0 0 11 2340
12 0 0 11 2340
13 0 0 11 2340
14 0 0 11 2340
15 0 0 11 2340
16 0 0 11 2340
17 0 0 11 2340
18 0 0 11 2340
19 0 0 11 2340
1A 0 0 11 2340
1B 0 0 11 2340
1C 0 0 11 2340
1D 0 0 11 2340
1E 0 0 11 2340
1F 0 0 11 2340
20 0 0 11 2340
21 0 0 11 2340
22 0 0 11 2340
23 0 0 11 2340
24 0 0 11 2340
25 0 0 11 2340
26 0 0 11 2340
27 0 0 11 2340
28 0 0 11 2340
29 0 0 11 2340
2A 0 0 11 2340
2B 0 0 11 2340
2C 0 0 11 2340
2D 0 0 11 2340
2E 0 0 11 2340
2F 0 0 11 2340
30 0 0 11 2340
31 0 0 11 2340
32 0 0 11 2340
33 0 0 11 2340
34 0 0 11 2340
35 0 0 11 2340
36 0 0 11 2340
37 0 0 11 2340
38 0 0 11 2340
39 0 0 11 2340
3A 0 0 11 2340
3B 0 0 11 2340
3C 0 0 11 2340
3D 0 0 11 2340
3E 0 0 11 2340
3F 0 0 11 2340
40 0 0 11 2340
41 0 0 11 2340
42 0 0 11 2340
43 0 0 11 2340
44 0 0 11 2340
45 0 0 11 2340
46 0 0 11 2340
47 0 0 11 2340
48 0 0 11 2340
49 0 0 11 2340
4A 0 0 11 2340
4B 0 0 11 2340
4C 0 0 11 2340
4D 0 0 11 2340
4E 0 0 11 2340
4F 0 0 11 2340
50 0 0 11 2340
51 0 0 11 2340
52 0 0 11 2340
53 0 0 11 2340
54 0 0 11 2340
55 0 0 11 2340
56 0 0 11 2340
57 0 0 11 2340
58 0 0 11 2340
59 0 0 11 2340
5A 0 0 11 2340
5B 0 0 11 2340
5C 0 0 11 2340
5D 0 0 11 2340
5E 0 0 11 2340
5F 0 0 11 2340
60 0 0 11 2340
61 0 0 11 2340
62 0 0 11 2340
63 0 0 11 2340
64 0 0 11 2340
65 0 0 11 2340
66 0 0 11 2340
67 0 0 11 2340
68 0 0 11 2340
69 0 0 11 2340
6A 0 0 11 2340
6B 0 0 11 2340
6C 0 0 11 2340
6D 0 0 11 2340
6E 0 0 11 2340
6F 0 0 11 2340
70 0 0 11 2340
71 0 0 11 2340
72 0 0 11 2340
73 0 0 11 2340
74 0 0 11 2340
75 0 0 11 2340
76 0 0 11 2340
77 0 0 11 2340
78 0 0 11 2340
79 0 0 11 2340
7A 0 0 11 2340
7B 0 0 11 2340
7C 0 0 11 2340
7D 0 0 11 2340
7E 0 0 11 2340
7F 0 0 11 2340
80 0 0 11 2340
81 0 0 11 2340
82 0 0 11 2340
83 0 0 11 2340
84 0 0 11 2340
85 0 0 11 2340
86 0 0 11 2340
87 0 0 11 2340
88 0 0 11 2340
89 0 0 11 2340
8A 0 0 11 2340
8B 0 0 11 2340
8C 0 0 11 2340
8D 0 0 11 2340
8E 0 0 11 2340
8F 0 0 11 2340
90 0 0 11 2340
91 0 0 11 2340
92 0 0 11 2340
93 0 0 11 2340
94 0 0 11 2340
95 0 0 11 2340
96 0 0 11 2340
97 0 0 11 2340
98 0 0 11 2340
99 0 0 11 2340
9A 0 0 11 2340
9B 0 0 11 2340
9C 0 0 11 2340
9D 0 0 11 2340
9E 0 0 11 2340
9F 0 0 11 2340
A0 0 0 11 2340
A1 0 0 11 2340
A2 0 0 11 2340
A3 0 0 11 2340
A4 0 0 11 2340
A5 0 0 11 2340
A6 0 0 11 2340
A7 0 0 11 2340
A8 0 0 11 2340
A9 0 0 11 2340
AA 0 0 11 2340
AB 0 0 11 2340
AC 0 0 11 2340
AD 0 0 11 2340
AE 0 0 11 2340
AF 0 0 11 2340
B0 0 0 11 2340
B1 0 0 11 2340
B2 0 0 11 2340
B3 0 0 11 2340
B4 0 0 11 2340
B5 0 0 11 2340
B6 0 0 11 2340
B7 0 0 11 2340
B8 0 0 11 2340
B9 0 0 11 2340
BA 0 0 11 2340
BB 0 0 11 2340
BC 0 0 11 2340
BD 0 0 11 2340
BE 0 0 11 2340
BF 0 0 11 2340
C0 0 0 11 2340
C1 0 0 11 2340
C2 0 0 11 2340
C3 0 0 11 2340
C4 0 0 11 2340
C5 0 0 11 2340
C6 0 0 11 2340
C7 0 0 11 2340
C8 0 0 11 2340
C9 0 0 11 2340
CA 0 0 11 2340
CB 0 0 11 2340
CC 0 0 11 2340
CD 0 0 11 2340
CE 0 0 11 2340
CF 0 0 11 2340
D0 0 0 11 2340
D1 0 0 11 2340
D2 0 0 11 2340
D3 0 0 11 2340
D4 0 0 11 2340
D5 0 0 11 2340
D6 0 0 11 2340
D7 0 0 11 2340
D8 0 0 11 2340
D9 0 0 11 2340
DA 0 0 11 2340
DB 0 0 11 2340
DC 0 0 11 2340
DD 0 0 11 2340
DE 0 0 11 2340
DF 0 0 11 2340
E0 0 0 11 2340
E1 0 0 11 2340
E2 0 0 11 2340
E3 0 0 11 2340
E4 0 0 11 2340
E5 0 0 11 2340
E6 0 0 11 2340
E7 0 0 11 2340
E8 0 0 11 2340
E9 0 0 11 2340
EA 0 0 11 2340
EB 0 0 11 2340
EC 0 0 11 2340
ED 0 0 11 2340
EE 0 0 11 2340
EF 0 0 11 2340
F0 0 0 11 2340
F1 0 0 11 2340
F2 0 0 11 2340
F3 0 0 11 2340
F4 0 0 11 2340
F5 0 0 11 2340
F6 0 0 11 2340
F7 0 0 11 2340
F8 0 0 11 2340
F9 0 0 11 2340
FA 0 0 11 2340
00 0 0 11 2340
01 0 0 11 2340
02 0 0 11 2340
03 1 1 11 2340
00 0 0 12 3870
0A 0 0 12 3870
35 0 0 12 3870
01 0 0 12 3870
02 0 0 12 3870
03 0 0 12 3870
DE 0 0 12 3870
AD 0 0 12 3870
BE 0 0 12 3870
EF 0 0 12 3870
00 0 0 12 3870
01 0 0 12 3870
08 0 0 12 3870
00 0 0 12 3870
0C 0 0 12 3870
0D 0 0 12 3870
0E 0 0 12 3870
0F 0 0 12 3870
10 0 0 12 3870
11 0 0 12 3870
12 0 0 12 3870
13 0 0 12 3870
14 0 0 12 3870
15 0 0 12 3870
16 0 0 12 3870
17 0 0 12 3870
18 0 0 12 3870
19 0 0 12 3870
1A 0 0 12 3870
1B 0 0 12 3870
1C 0 0 12 3870
1D 0 0 12 3870
1E 0 0 12 3870
1F 0 0 12 3870
20 0 0 12 3870
21 0 0 12 3870
22 0 0 12 3870
23 0 0 12 3870
24 0 0 12 3870
25 0 0 12 3870
26 0 0 12 3870
27 0 0 12 3870
28 0 0 12 3870
29 0 0 12 3870
2A 0 0 12 3870
2B 0 0 12 3870
2C 0 0 12 3870
2D 0 0 12 3870
2E 0 0 12 3870
2F 0 0 12 3870
30 0 0 12 3870
31 0 0 12 3870
32 0 0 12 3870
33 0 0 12 3870
34 0 0 12 3870
35 0 0 12 3870
36 0 0 12 3870
37 0 0 12 3870
38 0 0 12 3870
39 0 0 12 3870
3A 0 0 12 3870
3B 0 0 12 3870
3C 0 0 12 3870
3D 0 0 12 3870
3E 0 0 12 3870
3F 0 0 12 3870
40 0 0 12 3870
41 0 0 12 3870
42 0 0 12 3870
43 0 0 12 3870
44 0 0 12 3870
45 0 0 12 3870
46 0 0 12 3870
47 0 0 12 3870
48 0 0 12 3870
49 0 0 12 3870
4A 0 0 12 3870
4B 0 0 12 3870
4C 0 0 12 3870
4D 0 0 12 3870
4E 0 0 12 3870
4F 0 0 12 3870
50 0 0 12 3870
51 0 0 12 3870
52 0 0 12 3870
53 0 0 12 3870
54 0 0 12 3870
55 0 0 12 3870
56 0 0 12 3870
57 0 0 12 3870
58 0 0 12 3870
59 0 0 12 3870
5A 0 0 12 3870
5B 0 0 12 3870
5C 0 0 12 3870
5D 0 0 12 3870
5E 0 0 12 3870
5F 0 0 12 3870
60 0 0 12 3870
61 0 0 12 3870
62 0 0 12 3870
63 0 0 12 3870
64 0 0 12 3870
65 0 0 12 3870
66 0 0 12 3870
67 0 0 12 3870
68 0 0 12 3870
69 0 0 12 3870
6A 0 0 12 3870
6B 0 0 12 3870
6C 0 0 12 3870
6D 0 0 12 3870
6E 0 0 12 3870
6F 0 0 12 3870
70 0 0 12 3870
71 0 0 12 3870
72 0 0 12 3870
73 0 0 12 3870
74 0 0 12 3870
75 0 0 12 3870
76 0 0 12 3870
77 0 0 12 3870
78 0 0 12 3870
79 0 0 12 3870
7A 0 0 12 3870
7B 0 0 12 3870
7C 0 0 12 3870
7D 0 0 12 3870
7E 0 0 12 3870
7F 0 0 12 3870
80 0 0 12 3870
81 0 0 12 3870
82 0 0 12 3870
83 0 0 12 3870
84 0 0 12 3870
85 0 0 12 3870
86 0 0 12 3870
87 0 0 12 3870
88 0 0 12 3870
89 0 0 12 3870
8A 0 0 12 3870
8B 0 0 12 3870
8C 0 0 12 3870
8D 0 0 12 3870
8E 0 0 12 3870
8F 0 0 12 3870
90 0 0 12 3870
91 0 0 12 3870
92 0 0 12 3870
93 0 0 12 3870
94 0 0 12 3870
95 0 0 12 3870
96 0 0 12 3870
97 0 0 12 3870
98 0 0 12 3870
99 0 0 12 3870
9A 0 0 12 3870
9B 0 0 12 3870
9C 0 0 12 3870
9D 0 0 12 3870
9E 0 0 12 3870
9F 0 0 12 3870
A0 0 0 12 3870
A1 0 0 12 3870
A2 0 0 12 3870
A3 0 0 12 3870
A4 0 0 12 3870
A5 0 0 12 3870
A6 0 0 12 3870
A7 0 0 12 3870
A8 0 0 12 3870
A9 0 0 12 3870
AA 0 0 12 3870
AB 0 0 12 3870
AC 0 0 12 3870
AD 0 0 12 3870
AE 0 0 12 3870
AF 0 0 12 3870
B0 0 0 12 3870
B1 0 0 12 3870
B2 0 0 12 3870
B3 0 0 12 3870
B4 0 0 12 3870
B5 0 0 12 3870
B6 0 0 12 3870
B7 0 0 12 3870
B8 0 0 12 3870
B9 0 0 12 3870
BA 0 0 12 3870
BB 0 0 12 3870
BC 0 0 12 3870
BD 0 0 12 3870
BE 0 0 12 3870
BF 0 0 12 3870
C0 0 0 12 3870
C1 0 0 12 3870
C2 0 0 12 3870
C3 0 0 12 3870
C4 0 0 12 3870
C5 0 0 12 3870
C6 0 0 12 3870
C7 0 0 12 3870
C8 0 0 12 3870
C9 0 0 12 3870
CA 0 0 12 3870
CB 0 0 12 3870
CC 0 0 12 3870
CD 0 0 12 3870
CE 0 0 12 3870
CF 0 0 12 3870
D0 0 0 12 3870
D1 0 0 12 3870
D2 0 0 12 3870
D3 0 0 12 3870
D4 0 0 12 3870
D5 0 0 12 3870
D6 0 0 12 3870
D7 0 0 12 3870
D8 0 0 12 3870
D9 0 0 12 3870
DA 0 0 12 3870
DB 0 0 12 3870
DC 0 0 12 3870
DD 0 0 12 3870
DE 0 0 12 3870
DF 0 0 12 3870
E0 0 0 12 3870
E1 0 0 12 3870
E2 0 0 12 3870
E3 0 0 12 3870
E4 0 0 12 3870
E5 0 0 12 3870
E6 0 0 12 3870
E7 0 0 12 3870
E8 0 0 12 3870
E9 0 0 12 3870
EA 0 0 12 3870
EB 0 0 12 3870
EC 0 0 12 3870
ED 0 0 12 3870
EE 0 0 12 3870
EF 0 0 12 3870
F0 0 0 12 3870
F1 0 0 12 3870
F2 0 0 12 3870
F3 0 0 12 3870
F4 0 0 12 3870
F5 0 0 12 3870
F6 0 0 12 3870
F7 0 0 12 3870
F8 0 0 12 3870
F9 0 0 12 3870
FA 0 0 12 3870
00 0 0 12 3870
01 0 0 12 3870
02 0 0 12 3870
03 0 0 12 3870
04 0 0 12 3870
05 0 0 12 3870
06 0 0 12 3870
07 0 0 12 3870
08 0 0 12 3870
09 0 0 12 3870
0A 0 0 12 3870
0B 0 0 12 3870
0C 0 0 12 3870
0D 0 0 12 3870
0E 0 0 12 3870
0F 0 0 12 3870
10 0 0 12 3870
11 0 0 12 3870
12 0 0 12 3870
13 0 0 12 3870
14 0 0 12 3870
15 0 0 12 3870
16 0 0 12 3870
17 0 0 12 3870
18 0 0 12 3870
19 0 0 12 3870
1A 0 0 12 3870
1B 0 0 12 3870
1C 0 0 12 3870
1D 0 0 12 3870
1E 0 0 12 3870
1F 0 0 12 3870
20 0 0 12 3870
21 0 0 12 3870
22 0 0 12 3870
23 0 0 12 3870
24 0 0 12 3870
25 0 0 12 3870
26 0 0 12 3870
27 0 0 12 3870
28 0 0 12 3870
29 0 0 12 3870
2A 0 0 12 3870
2B 0 0 12 3870
2C 0 0 12 3870
2D 0 0 12 3870
2E 0 0 12 3870
2F 0 0 12 3870
30 0 0 12 3870
31 0 0 12 3870
32 0 0 12 3870
33 0 0 12 3870
34 0 0 12 3870
35 0 0 12 3870
36 0 0 12 3870
37 0 0 12 3870
38 0 0 12 3870
39 0 0 12 3870
3A 0 0 12 3870
3B 0 0 12 3870
3C 0 0 12 3870
3D 0 0 12 3870
3E 0 0 12 3870
3F 0 0 12 3870
40 0 0 12 3870
41 0 0 12 3870
42 0 0 12 3870
43 0 0 12 3870
44 0 0 12 3870
45 0 0 12 3870
46 0 0 12 3870
47 0 0 12 3870
48 0 0 12 3870
49 0 0 12 3870
4A 0 0 12 3870
4B 0 0 12 3870
4C 0 0 12 3870
4D 0 0 12 3870
4E 0 0 12 3870
4F 0 0 12 3870
50 0 0 12 3870
51 0 0 12 3870
52 0 0 12 3870
53 0 0 12 3870
54 0 0 12 3870
55 0 0 12 3870
56 0 0 12 3870
57 0 0 12 3870
58 0 0 12 3870
59 0 0 12 3870
5A 0 0 12 3870
5B 0 0 12 3870
5C 0 0 12 3870
5D 0 0 12 3870
5E 0 0 12 3870
5F 0 0 12 3870
60 0 0 12 3870
61 0 0 12 3870
62 0 0 12 3870
63 0 0 12 3870
64 0 0 12 3870
65 0 0 12 3870
66 0 0 12 3870
67 0 0 12 3870
68 0 0 12 3870
69 0 0 12 3870
6A 0 0 12 3870
6B 0 0 12 3870
6C 0 0 12 3870
6D 0 0 12 3870
6E 0 0 12 3870
6F 0 0 12 3870
70 0 0 12 3870
71 0 0 12 3870
72 0 0 12 3870
73 0 0 12 3870
74 0 0 12 3870
75 0 0 12 3870
76 0 0 12 3870
77 0 0 12 3870
78 0 0 12 3870
79 0 0 12 3870
7A 0 0 12 3870
7B 0 0 12 3870
7C 0 0 12 3870
7D 0 0 12 3870
7E 0 0 12 3870
7F 0 0 12 3870
80 0 0 12 3870
81 0 0 12 3870
82 0 0 12 3870
83 0 0 12 3870
84 0 0 12 3870
85 0 0 12 3870
86 0 0 12 3870
87 0 0 12 3870
88 0 0 12 3870
89 0 0 12 3870
8A 0 0 12 3870
8B 0 0 12 3870
8C 0 0 12 3870
8D 0 0 12 3870
8E 0 0 12 3870
8F 0 0 12 3870
90 0 0 12 3870
91 0 0 12 3870
92 0 0 12 3870
93 0 0 12 3870
94 0 0 12 3870
95 0 0 12 3870
96 0 0 12 3870
97 0 0 12 3870
98 0 0 12 3870
99 0 0 12 3870
9A 0 0 12 3870
9B 0 0 12 3870
9C 0 0 12 3870
9D 0 0 12 3870
9E 0 0 12 3870
9F 0 0 12 3870
A0 0 0 12 3870
A1 0 0 12 3870
A2 0 0 12 3870
A3 0 0 12 3870
A4 0 0 12 3870
A5 0 0 12 3870
A6 0 0 12 3870
A7 0 0 12 3870
A8 0 0 12 3870
A9 0 0 12 3870
AA 0 0 12 3870
AB 0 0 12 3870
AC 0 0 12 3870
AD 0 0 12 3870
AE 0 0 12 3870
AF 0 0 12 3870
B0 0 0 12 3870
B1 0 0 12 3870
B2 0 0 12 3870
B3 0 0 12 3870
B4 0 0 12 3870
B5 0 0 12 3870
B6 0 0 12 3870
B7 0 0 12 3870
B8 0 0 12 3870
B9 0 0 12 3870
BA 0 0 12 3870
BB 0 0 12 3870
BC 0 0 12 3870
BD 0 0 12 3870
BE 0 0 12 3870
BF 0 0 12 3870
C0 0 0 12 3870
C1 0 0 12 3870
C2 0 0 12 3870
C3 0 0 12 3870
C4 0 0 12 3870
C5 0 0 12 3870
C6 0 0 12 3870
C7 0 0 12 3870
C8 0 0 12 3870
C9 0 0 12 3870
CA 0 0 12 3870
CB 0 0 12 3870
CC 0 0 12 3870
CD 0 0 12 3870
CE 0 0 12 3870
CF 0 0 12 3870
D0 0 0 12 3870
D1 0 0 12 3870
D2 0 0 12 3870
D3 0 0 12 3870
D4 0 0 12 3870
D5 0 0 12 3870
D6 0 0 12 3870
D7 0 0 12 3870
D8 0 0 12 3870
D9 0 0 12 3870
DA 0 0 12 3870
DB 0 0 12 3870
DC 0 0 12 3870
DD 0 0 12 3870
DE 0 0 12 3870
DF 0 0 12 3870
E0 0 0 12 3870
E1 0 0 12 3870
E2 0 0 12 3870
E3 0 0 12 3870
E4 0 0 12 3870
E5 0 0 12 3870
E6 0 0 12 3870
E7 0 0 12 3870
E8 0 0 12 3870
E9 0 0 12 3870
EA 0 0 12 3870
EB 0 0 12 3870
EC 0 0 12 3870
ED 0 0 12 3870
EE 0 0 12 3870
EF 0 0 12 3870
F0 0 0 12 3870
F1 0 0 12 3870
F2 0 0 12 3870
F3 0 0 12 3870
F4 0 0 12 3870
F5 0 0 12 3870
F6 0 0 12 3870
F7 0 0 12 3870
F8 0 0 12 3870
F9 0 0 12 3870
FA 0 0 12 3870
00 0 0 12 3870
01 0 0 12 3870
02 0 0 12 3870
03 0 0 12 3870
04 0 0 12 3870
05 0 0 12 3870
06 0 0 12 3870
07 0 0 12 3870
08 0 0 12 3870
09 0 0 12 3870
0A 0 0 12 3870
0B 0 0 12 3870
0C 0 0 12 3870
0D 0 0 12 3870
0E 0 0 12 3870
0F 0 0 12 3870
10 0 0 12 3870
11 0 0 12 3870
12 0 0 12 3870
13 0 0 12 3870
14 0 0 12 3870
15 0 0 12 3870
16 0 0 12 3870
17 0 0 12 3870
18 0 0 12 3870
19 0 0 12 3870
1A 0 0 12 3870
1B 0 0 12 3870
1C 0 0 12 3870
1D 0 0 12 3870
1E 0 0 12 3870
1F 0 0 12 3870
20 0 0 12 3870
21 0 0 12 3870
22 0 0 12 3870
23 0 0 12 3870
24 0 0 12 3870
25 0 0 12 3870
26 0 0 12 3870
27 0 0 12 3870
28 0 0 12 3870
29 0 0 12 3870
2A 0 0 12 3870
2B 0 0 12 3870
2C 0 0 12 3870
2D 0 0 12 3870
2E 0 0 12 3870
2F 0 0 12 3870
30 0 0 12 3870
31 0 0 12 3870
32 0 0 12 3870
33 0 0 12 3870
34 0 0 12 3870
35 0 0 12 3870
36 0 0 12 3870
37 0 0 12 3870
38 0 0 12 3870
39 0 0 12 3870
3A 0 0 12 3870
3B 0 0 12 3870
3C 0 0 12 3870
3D 0 0 12 3870
3E 0 0 12 3870
3F 0 0 12 3870
40 0 0 12 3870
41 0 0 12 3870
42 0 0 12 3870
43 0 0 12 3870
44 0 0 12 3870
45 0 0 12 3870
46 0 0 12 3870
47 0 0 12 3870
48 0 0 12 3870
49 0 0 12 3870
4A 0 0 12 3870
4B 0 0 12 3870
4C 0 0 12 3870
4D 0 0 12 3870
4E 0 0 12 3870
4F 0 0 12 3870
50 0 0 12 3870
51 0 0 12 3870
52 0 0 12 3870
53 0 0 12 3870
54 0 0 12 3870
55 0 0 12 3870
56 0 0 12 3870
57 0 0 12 3870
58 0 0 12 3870
59 0 0 12 3870
5A 0 0 12 3870
5B 0 0 12 3870
5C 0 0 12 3870
5D 0 0 12 3870
5E 0 0 12 3870
5F 0 0 12 3870
60 0 0 12 3870
61 0 0 12 3870
62 0 0 12 3870
63 0 0 12 3870
64 0 0 12 3870
65 0 0 12 3870
66 0 0 12 3870
67 0 0 12 3870
68 0 0 12 3870
69 0 0 12 3870
6A 0 0 12 3870
6B 0 0 12 3870
6C 0 0 12 3870
6D 0 0 12 3870
6E 0 0 12 3870
6F 0 0 12 3870
70 0 0 12 3870
71 0 0 12 3870
72 0 0 12 3870
73 0 0 12 3870
74 0 0 12 3870
75 0 0 12 3870
76 0 0 12 3870
77 0 0 12 3870
78 0 0 12 3870
79 0 0 12 3870
7A 0 0 12 3870
7B 0 0 12 3870
7C 0 0 12 3870
7D 0 0 12 3870
7E 0 0 12 3870
7F 0 0 12 3870
80 0 0 12 3870
81 0 0 12 3870
82 0 0 12 3870
83 0 0 12 3870
84 0 0 12 3870
85 0 0 12 3870
86 0 0 12 3870
87 0 0 12 3870
88 0 0 12 3870
89 0 0 12 3870
8A 0 0 12 3870
8B 0 0 12 3870
8C 0 0 12 3870
8D 0 0 12 3870
8E 0 0 12 3870
8F 0 0 12 3870
90 0 0 12 3870
91 0 0 12 3870
92 0 0 12 3870
93 0 0 12 3870
94 0 0 12 3870
95 0 0 12 3870
96 0 0 12 3870
97 0 0 12 3870
98 0 0 12 3870
99 0 0 12 3870
9A 0 0 12 3870
9B 0 0 12 3870
9C 0 0 12 3870
9D 0 0 12 3870
9E 0 0 12 3870
9F 0 0 12 3870
A0 0 0 12 3870
A1 0 0 12 3870
A2 0 0 12 3870
A3 0 0 12 3870
A4 0 0 12 3870
A5 0 0 12 3870
A6 0 0 12 3870
A7 0 0 12 3870
A8 0 0 12 3870
A9 0 0 12 3870
AA 0 0 12 3870
AB 0 0 12 3870
AC 0 0 12 3870
AD 0 0 12 3870
AE 0 0 12 3870
AF 0 0 12 3870
B0 0 0 12 3870
B1 0 0 12 3870
B2 0 0 12 3870
B3 0 0 12 3870
B4 0 0 12 3870
B5 0 0 12 3870
B6 0 0 12 3870
B7 0 0 12 3870
B8 0 0 12 3870
B9 0 0 12 3870
BA 0 0 12 3870
BB 0 0 12 3870
BC 0 0 12 3870
BD 0 0 12 3870
BE 0 0 12 3870
BF 0 0 12 3870
C0 0 0 12 3870
C1 0 0 12 3870
C2 0 0 12 3870
C3 0 0 12 3870
C4 0 0 12 3870
C5 0 0 12 3870
C6 0 0 12 3870
C7 0 0 12 3870
C8 0 0 12 3870
C9 0 0 12 3870
CA 0 0 12 3870
CB 0 0 12 3870
CC 0 0 12 3870
CD 0 0 12 3870
CE 0 0 12 3870
CF 0 0 12 3870
D0 0 0 12 3870
D1 0 0 12 3870
D2 0 0 12 3870
D3 0 0 12 3870
D4 0 0 12 3870
D5 0 0 12 3870
D6 0 0 12 3870
D7 0 0 12 3870
D8 0 0 12 3870
D9 0 0 12 3870
DA 0 0 12 3870
DB 0 0 12 3870
DC 0 0 12 3870
DD 0 0 12 3870
DE 0 0 12 3870
DF 0 0 12 3870
E0 0 0 12 3870
E1 0 0 12 3870
E2 0 0 12 3870
E3 0 0 12 3870
E4 0 0 12 3870
E5 0 0 12 3870
E6 0 0 12 3870
E7 0 0 12 3870
E8 0 0 12 3870
E9 0 0 12 3870
EA 0 0 12 3870
EB 0 0 12 3870
EC 0 0 12 3870
ED 0 0 12 3870
EE 0 0 12 3870
EF 0 0 12 3870
F0 0 0 12 3870
F1 0 0 12 3870
F2 0 0 12 3870
F3 0 0 12 3870
F4 0 0 12 3870
F5 0 0 12 3870
F6 0 0 12 3870
F7 0 0 12 3870
F8 0 0 12 3870
F9 0 0 12 3870
FA 0 0 12 3870
00 0 0 12 3870
01 0 0 12 3870
02 0 0 12 3870
03 0 0 12 3870
04 0 0 12 3870
05 0 0 12 3870
06 0 0 12 3870
07 0 0 12 3870
08 0 0 12 3870
09 0 0 12 3870
0A 0 0 12 3870
0B 0 0 12 3870
0C 0 0 12 3870
0D 0 0 12 3870
0E 0 0 12 3870
0F 0 0 12 3870
10 0 0 12 3870
11 0 0 12 3870
12 0 0 12 3870
13 0 0 12 3870
14 0 0 12 3870
15 0 0 12 3870
16 0 0 12 3870
17 0 0 12 3870
18 0 0 12 3870
19 0 0 12 3870
1A 0 0 12 3870
1B 0 0 12 3870
1C 0 0 12 3870
1D 0 0 12 3870
1E 0 0 12 3870
1F 0 0 12 3870
20 0 0 12 3870
21 0 0 12 3870
22 0 0 12 3870
23 0 0 12 3870
24 0 0 12 3870
25 0 0 12 3870
26 0 0 12 3870
27 0 0 12 3870
28 0 0 12 3870
29 0 0 12 3870
2A 0 0 12 3870
2B 0 0 12 3870
2C 0 0 12 3870
2D 0 0 12 3870
2E 0 0 12 3870
2F 0 0 12 3870
30 0 0 12 3870
31 0 0 12 3870
32 0 0 12 3870
33 0 0 12 3870
34 0 0 12 3870
35 0 0 12 3870
36 0 0 12 3870
37 0 0 12 3870
38 0 0 12 3870
39 0 0 12 3870
3A 0 0 12 3870
3B 0 0 12 3870
3C 0 0 12 3870
3D 0 0 12 3870
3E 0 0 12 3870
3F 0 0 12 3870
40 0 0 12 3870
41 0 0 12 3870
42 0 0 12 3870
43 0 0 12 3870
44 0 0 12 3870
45 0 0 12 3870
46 0 0 12 3870
47 0 0 12 3870
48 0 0 12 3870
49 0 0 12 3870
4A 0 0 12 3870
4B 0 0 12 3870
4C 0 0 12 3870
4D 0 0 12 3870
4E 0 0 12 3870
4F 0 0 12 3870
50 0 0 12 3870
51 0 0 12 3870
52 0 0 12 3870
53 0 0 12 3870
54 0 0 12 3870
55 0 0 12 3870
56 0 0 12 3870
57 0 0 12 3870
58 0 0 12 3870
59 0 0 12 3870
5A 0 0 12 3870
5B 0 0 12 3870
5C 0 0 12 3870
5D 0 0 12 3870
5E 0 0 12 3870
5F 0 0 12 3870
60 0 0 12 3870
61 0 0 12 3870
62 0 0 12 3870
63 0 0 12 3870
64 0 0 12 3870
65 0 0 12 3870
66 0 0 12 3870
67 0 0 12 3870
68 0 0 12 3870
69 0 0 12 3870
6A 0 0 12 3870
6B 0 0 12 3870
6C 0 0 12 3870
6D 0 0 12 3870
6E 0 0 12 3870
6F 0 0 12 3870
70 0 0 12 3870
71 0 0 12 3870
72 0 0 12 3870
73 0 0 12 3870
74 0 0 12 3870
75 0 0 12 3870
76 0 0 12 3870
77 0 0 12 3870
78 0 0 12 3870
79 0 0 12 3870
7A 0 0 12 3870
7B 0 0 12 3870
7C 0 0 12 3870
7D 0 0 12 3870
7E 0 0 12 3870
7F 0 0 12 3870
80 0 0 12 3870
81 0 0 12 3870
82 0 0 12 3870
83 0 0 12 3870
84 0 0 12 3870
85 0 0 12 3870
86 0 0 12 3870
87 0 0 12 3870
88 0 0 12 3870
89 0 0 12 3870
8A 0 0 12 3870
8B 0 0 12 3870
8C 0 0 12 3870
8D 0 0 12 3870
8E 0 0 12 3870
8F 0 0 12 3870
90 0 0 12 3870
91 0 0 12 3870
92 0 0 12 3870
93 0 0 12 3870
94 0 0 12 3870
95 0 0 12 3870
96 0 0 12 3870
97 0 0 12 3870
98 0 0 12 3870
99 0 0 12 3870
9A 0 0 12 3870
9B 0 0 12 3870
9C 0 0 12 3870
9D 0 0 12 3870
9E 0 0 12 3870
9F 0 0 12 3870
A0 0 0 12 3870
A1 0 0 12 3870
A2 0 0 12 3870
A3 0 0 12 3870
A4 0 0 12 3870
A5 0 0 12 3870
A6 0 0 12 3870
A7 0 0 12 3870
A8 0 0 12 3870
A9 0 0 12 3870
AA 0 0 12 3870
AB 0 0 12 3870
AC 0 0 12 3870
AD 0 0 12 3870
AE 0 0 12 3870
AF 0 0 12 3870
B0 0 0 12 3870
B1 0 0 12 3870
B2 0 0 12 3870
B3 0 0 12 3870
B4 0 0 12 3870
B5 0 0 12 3870
B6 0 0 12 3870
B7 0 0 12 3870
B8 0 0 12 3870
B9 0 0 12 3870
BA 0 0 12 3870
BB 0 0 12 3870
BC 0 0 12 3870
BD 0 0 12 3870
BE 0 0 12 3870
BF 0 0 12 3870
C0 0 0 12 3870
C1 0 0 12 3870
C2 0 0 12 3870
C3 0 0 12 3870
C4 0 0 12 3870
C5 0 0 12 3870
C6 0 0 12 3870
C7 0 0 12 3870
C8 0 0 12 3870
C9 0 0 12 3870
CA 0 0 12 3870
CB 0 0 12 3870
CC 0 0 12 3870
CD 0 0 12 3870
CE 0 0 12 3870
CF 0 0 12 3870
D0 0 0 12 3870
D1 0 0 12 3870
D2 0 0 12 3870
D3 0 0 12 3870
D4 0 0 12 3870
D5 0 0 12 3870
D6 0 0 12 3870
D7 0 0 12 3870
D8 0 0 12 3870
D9 0 0 12 3870
DA 0 0 12 3870
DB 0 0 12 3870
DC 0 0 12 3870
DD 0 0 12 3870
DE 0 0 12 3870
DF 0 0 12 3870
E0 0 0 12 3870
E1 0 0 12 3870
E2 0 0 12 3870
E3 0 0 12 3870
E4 0 0 12 3870
E5 0 0 12 3870
E6 0 0 12 3870
E7 0 0 12 3870
E8 0 0 12 3870
E9 0 0 12 3870
EA 0 0 12 3870
EB 0 0 12 3870
EC 0 0 12 3870
ED 0 0 12 3870
EE 0 0 12 3870
EF 0 0 12 3870
F0 0 0 12 3870
F1 0 0 12 3870
F2 0 0 12 3870
F3 0 0 12 3870
F4 0 0 12 3870
F5 0 0 12 3870
F6 0 0 12 3870
F7 0 0 12 3870
F8 0 0 12 3870
F9 0 0 12 3870
FA 0 0 12 3870
00 0 0 12 3870
01 0 0 12 3870
02 0 0 12 3870
03 0 0 12 3870
04 0 0 12 3870
05 0 0 12 3870
06 0 0 12 3870
07 0 0 12 3870
08 0 0 12 3870
09 0 0 12 3870
0A 0 0 12 3870
0B 0 0 12 3870
0C 0 0 12 3870
0D 0 0 12 3870
0E 0 0 12 3870
0F 0 0 12 3870
10 0 0 12 3870
11 0 0 12 3870
12 0 0 12 3870
13 0 0 12 3870
14 0 0 12 3870
15 0 0 12 3870
16 0 0 12 3870
17 0 0 12 3870
18 0 0 12 3870
19 0 0 12 3870
1A 0 0 12 3870
1B 0 0 12 3870
1C 0 0 12 3870
1D 0 0 12 3870
1E 0 0 12 3870
1F 0 0 12 3870
20 0 0 12 3870
21 0 0 12 3870
22 0 0 12 3870
23 0 0 12 3870
24 0 0 12 3870
25 0 0 12 3870
26 0 0 12 3870
27 0 0 12 3870
28 0 0 12 3870
29 0 0 12 3870
2A 0 0 12 3870
2B 0 0 12 3870
2C 0 0 12 3870
2D 0 0 12 3870
2E 0 0 12 3870
2F 0 0 12 3870
30 0 0 12 3870
31 0 0 12 3870
32 0 0 12 3870
33 0 0 12 3870
34 0 0 12 3870
35 0 0 12 3870
36 0 0 12 3870
37 0 0 12 3870
38 0 0 12 3870
39 0 0 12 3870
3A 0 0 12 3870
3B 0 0 12 3870
3C 0 0 12 3870
3D 0 0 12 3870
3E 0 0 12 3870
3F 0 0 12 3870
40 0 0 12 3870
41 0 0 12 3870
42 0 0 12 3870
43 0 0 12 3870
44 0 0 12 3870
45 0 0 12 3870
46 0 0 12 3870
47 0 0 12 3870
48 0 0 12 3870
49 0 0 12 3870
4A 0 0 12 3870
4B 0 0 12 3870
4C 0 0 12 3870
4D 0 0 12 3870
4E 0 0 12 3870
4F 0 0 12 3870
50 0 0 12 3870
51 0 0 12 3870
52 0 0 12 3870
53 0 0 12 3870
54 0 0 12 3870
55 0 0 12 3870
56 0 0 12 3870
57 0 0 12 3870
58 0 0 12 3870
59 0 0 12 3870
5A 0 0 12 3870
5B 0 0 12 3870
5C 0 0 12 3870
5D 0 0 12 3870
5E 0 0 12 3870
5F 0 0 12 3870
60 0 0 12 3870
61 0 0 12 3870
62 0 0 12 3870
63 0 0 12 3870
64 0 0 12 3870
65 0 0 12 3870
66 0 0 12 3870
67 0 0 12 3870
68 0 0 12 3870
69 0 0 12 3870
6A 0 0 12 3870
6B 0 0 12 3870
6C 0 0 12 3870
6D 0 0 12 3870
6E 0 0 12 3870
6F 0 0 12 3870
70 0 0 12 3870
71 0 0 12 3870
72 0 0 12 3870
73 0 0 12 3870
74 0 0 12 3870
75 0 0 12 3870
76 0 0 12 3870
77 0 0 12 3870
78 0 0 12 3870
79 0 0 12 3870
7A 0 0 12 3870
7B 0 0 12 3870
7C 0 0 12 3870
7D 0 0 12 3870
7E 0 0 12 3870
7F 0 0 12 3870
80 0 0 12 3870
81 0 0 12 3870
82 0 0 12 3870
83 0 0 12 3870
84 0 0 12 3870
85 0 0 12 3870
86 0 0 12 3870
87 0 0 12 3870
88 0 0 12 3870
89 0 0 12 3870
8A 0 0 12 3870
8B 0 0 12 3870
8C 0 0 12 3870
8D 0 0 12 3870
8E 0 0 12 3870
8F 0 0 12 3870
90 0 0 12 3870
91 0 0 12 3870
92 0 0 12 3870
93 0 0 12 3870
94 0 0 12 3870
95 0 0 12 3870
96 0 0 12 3870
97 0 0 12 3870
98 0 0 12 3870
99 0 0 12 3870
9A 0 0 12 3870
9B 0 0 12 3870
9C 0 0 12 3870
9D 0 0 12 3870
9E 0 0 12 3870
9F 0 0 12 3870
A0 0 0 12 3870
A1 0 0 12 3870
A2 0 0 12 3870
A3 0 0 12 3870
A4 0 0 12 3870
A5 0 0 12 3870
A6 0 0 12 3870
A7 0 0 12 3870
A8 0 0 12 3870
A9 0 0 12 3870
AA 0 0 12 3870
AB 0 0 12 3870
AC 0 0 12 3870
AD 0 0 12 3870
AE 0 0 12 3870
AF 0 0 12 3870
B0 0 0 12 3870
B1 0 0 12 3870
B2 0 0 12 3870
B3 0 0 12 3870
B4 0 0 12 3870
B5 0 0 12 3870
B6 0 0 12 3870
B7 0 0 12 3870
B8 0 0 12 3870
B9 0 0 12 3870
BA 0 0 12 3870
BB 0 0 12 3870
BC 0 0 12 3870
BD 0 0 12 3870
BE 0 0 12 3870
BF 0 0 12 3870
C0 0 0 12 3870
C1 0 0 12 3870
C2 0 0 12 3870
C3 0 0 12 3870
C4 0 0 12 3870
C5 0 0 12 3870
C6 0 0 12 3870
C7 0 0 12 3870
C8 0 0 12 3870
C9 0 0 12 3870
CA 0 0 12 3870
CB 0 0 12 3870
CC 0 0 12 3870
CD 0 0 12 3870
CE 0 0 12 3870
CF 0 0 12 3870
D0 0 0 12 3870
D1 0 0 12 3870
D2 0 0 12 3870
D3 0 0 12 3870
D4 0 0 12 3870
D5 0 0 12 3870
D6 0 0 12 3870
D7 0 0 12 3870
D8 0 0 12 3870
D9 0 0 12 3870
DA 0 0 12 3870
DB 0 0 12 3870
DC 0 0 12 3870
DD 0 0 12 3870
DE 0 0 12 3870
DF 0 0 12 3870
E0 0 0 12 3870
E1 0 0 12 3870
E2 0 0 12 3870
E3 0 0 12 3870
E4 0 0 12 3870
E5 0 0 12 3870
E6 0 0 12 3870
E7 0 0 12 3870
E8 0 0 12 3870
E9 0 0 12 3870
EA 0 0 12 3870
EB 0 0 12 3870
EC 0 0 12 3870
ED 0 0 12 3870
EE 0 0 12 3870
EF 0 0 12 3870
F0 0 0 12 3870
F1 0 0 12 3870
F2 0 0 12 3870
F3 0 0 12 3870
F4 0 0 12 3870
F5 0 0 12 3870
F6 0 0 12 3870
F7 0 0 12 3870
F8 0 0 12 3870
F9 0 0 12 3870
FA 0 0 12 3870
00 0 0 12 3870
01 0 0 12 3870
02 0 0 12 3870
03 0 0 12 3870
04 0 0 12 3870
05 0 0 12 3870
06 0 0 12 3870
07 0 0 12 3870
08 0 0 12 3870
09 0 0 12 3870
0A 0 0 12 3870
0B 0 0 12 3870
0C 0 0 12 3870
0D 0 0 12 3870
0E 0 0 12 3870
0F 0 0 12 3870
10 0 0 12 3870
11 0 0 12 3870
12 0 0 12 3870
13 0 0 12 3870
14 0 0 12 3870
15 0 0 12 3870
16 0 0 12 3870
17 0 0 12 3870
18 0 0 12 3870
19 0 0 12 3870
1A 0 0 12 3870
1B 0 0 12 3870
1C 0 0 12 3870
1D 0 0 12 3870
1E 0 0 12 3870
1F 0 0 12 3870
20 0 0 12 3870
21 0 0 12 3870
22 0 0 12 3870
23 0 0 12 3870
24 0 0 12 3870
25 0 0 12 3870
26 0 0 12 3870
27 0 0 12 3870
28 0 0 12 3870
29 0 0 12 3870
2A 0 0 12 3870
2B 0 0 12 3870
2C 0 0 12 3870
2D 0 0 12 3870
2E 0 0 12 3870
2F 0 0 12 3870
30 0 0 12 3870
31 0 0 12 3870
32 0 0 12 3870
33 0 0 12 3870
34 0 0 12 3870
35 0 0 12 3870
36 0 0 12 3870
37 0 0 12 3870
38 0 0 12 3870
39 0 0 12 3870
3A 0 0 12 3870
3B 0 0 12 3870
3C 0 0 12 3870
3D 0 0 12 3870
3E 0 0 12 3870
3F 0 0 12 3870
40 0 0 12 3870
41 0 0 12 3870
42 0 0 12 3870
43 0 0 12 3870
44 0 0 12 3870
45 0 0 12 3870
46 0 0 12 3870
47 0 0 12 3870
48 0 0 12 3870
49 0 0 12 3870
4A 0 0 12 3870
4B 0 0 12 3870
4C 0 0 12 3870
4D 0 0 12 3870
4E 0 0 12 3870
4F 0 0 12 3870
50 0 0 12 3870
51 0 0 12 3870
52 0 0 12 3870
53 0 0 12 3870
54 0 0 12 3870
55 0 0 12 3870
56 0 0 12 3870
57 0 0 12 3870
58 0 0 12 3870
59 0 0 12 3870
5A 0 0 12 3870
5B 0 0 12 3870
5C 0 0 12 3870
5D 0 0 12 3870
5E 0 0 12 3870
5F 0 0 12 3870
60 0 0 12 3870
61 0 0 12 3870
62 0 0 12 3870
63 0 0 12 3870
64 0 0 12 3870
65 0 0 12 3870
66 0 0 12 3870
67 0 0 12 3870
68 0 0 12 3870
69 0 0 12 3870
6A 0 0 12 3870
6B 0 0 12 3870
6C 0 0 12 3870
6D 0 0 12 3870
6E 0 0 12 3870
6F 0 0 12 3870
70 0 0 12 3870
71 0 0 12 3870
72 0 0 12 3870
73 0 0 12 3870
74 0 0 12 3870
75 0 0 12 3870
76 0 0 12 3870
77 0 0 12 3870
78 0 0 12 3870
79 0 0 12 3870
7A 0 0 12 3870
7B 0 0 12 3870
7C 0 0 12 3870
7D 0 0 12 3870
7E 0 0 12 3870
7F 0 0 12 3870
80 0 0 12 3870
81 0 0 12 3870
82 0 0 12 3870
83 0 0 12 3870
84 0 0 12 3870
85 0 0 12 3870
86 0 0 12 3870
87 0 0 12 3870
88 0 0 12 3870
89 0 0 12 3870
8A 0 0 12 3870
8B 0 0 12 3870
8C 0 0 12 3870
8D 0 0 12 3870
8E 0 0 12 3870
8F 0 0 12 3870
90 0 0 12 3870
91 0 0 12 3870
92 0 0 12 3870
93 0 0 12 3870
94 0 0 12 3870
95 0 0 12 3870
96 0 0 12 3870
97 0 0 12 3870
98 0 0 12 3870
99 0 0 12 3870
9A 0 0 12 3870
9B 0 0 12 3870
9C 0 0 12 3870
9D 0 0 12 3870
9E 0 0 12 3870
9F 0 0 12 3870
A0 0 0 12 3870
A1 0 0 12 3870
A2 0 0 12 3870
A3 0 0 12 3870
A4 0 0 12 3870
A5 0 0 12 3870
A6 0 0 12 3870
A7 0 0 12 3870
A8 0 0 12 3870
A9 0 0 12 3870
AA 0 0 12 3870
AB 0 0 12 3870
AC 0 0 12 3870
AD 0 0 12 3870
AE 0 0 12 3870
AF 0 0 12 3870
B0 0 0 12 3870
B1 0 0 12 3870
B2 0 0 12 3870
B3 0 0 12 3870
B4 0 0 12 3870
B5 0 0 12 3870
B6 0 0 12 3870
B7 0 0 12 3870
B8 0 0 12 3870
B9 0 0 12 3870
BA 0 0 12 3870
BB 0 0 12 3870
BC 0 0 12 3870
BD 0 0 12 3870
BE 0 0 12 3870
BF 0 0 12 3870
C0 0 0 12 3870
C1 0 0 12 3870
C2 0 0 12 3870
C3 0 0 12 3870
C4 0 0 12 3870
C5 0 0 12 3870
C6 0 0 12 3870
C7 0 0 12 3870
C8 0 0 12 3870
C9 0 0 12 3870
CA 0 0 12 3870
CB 0 0 12 3870
CC 0 0 12 3870
CD 0 0 12 3870
CE 0 0 12 3870
CF 0 0 12 3870
D0 0 0 12 3870
D1 0 0 12 3870
D2 0 0 12 3870
D3 0 0 12 3870
D4 0 0 12 3870
D5 0 0 12 3870
D6 0 0 12 3870
D7 0 0 12 3870
D8 0 0 12 3870
D9 0 0 12 3870
DA 0 0 12 3870
DB 0 0 12 3870
DC 0 0 12 3870
DD 0 0 12 3870
DE 0 0 12 3870
DF 0 0 12 3870
E0 0 0 12 3870
E1 0 0 12 3870
E2 0 0 12 3870
E3 0 0 12 3870
E4 0 0 12 3870
E5 0 0 12 3870
E6 0 0 12 3870
E7 0 0 12 3870
E8 0 0 12 3870
E9 0 0 12 3870
EA 0 0 12 3870
EB 0 0 12 3870
EC 0 0 12 3870
ED 0 0 12 3870
EE 0 0 12 3870
EF 0 0 12 3870
F0 0 0 12 3870
F1 0 0 12 3870
F2 0 0 12 3870
F3 0 0 12 3870
F4 0 0 12 3870
F5 0 0 12 3870
F6 0 0 12 3870
F7 0 0 12 3870
F8 0 0 12 3870
F9 0 0 12 3870
FA 0 0 12 3870
00 0 0 12 3870
01 0 0 12 3870
02 0 0 12 3870
03 0 0 12 3870
04 0 0 12 3870
05 1 1 12 3870
00 0 0 13 5401
0A 0 0 13 5401
35 0 0 13 5401
01 0 0 13 5401
02 0 0 13 5401
03 0 0 13 5401
DE 0 0 13 5401
AD 0 0 13 5401
BE 0 0 13 5401
EF 0 0 13 5401
00 0 0 13 5401
01 0 0 13 5401
08 0 0 13 5401
00 0 0 13 5401
0D 0 0 13 5401
00 0 0 13 5401
00 0 0 13 5401
00 0 0 13 5401
00 0 0 13 5401
00 0 0 13 5401
00 0 0 13 5401
00 0 0 13 5401
00 0 0 13 5401
00 0 0 13 5401
00 0 0 13 5401
00 0 0 13 5401
00 0 0 13 5401
00 0 0 13 5401
00 0 0 13 5401
00 0 0 13 5401
00 0 0 13 5401
00 0 0 13 5401
00 0 0 13 5401
00 0 0 13 5401
00 0 0 13 5401
00 0 0 13 5401
00 0 0 13 5401
00 0 0 13 5401
00 0 0 13 5401
00 0 0 13 5401
00 0 0 13 5401
00 0 0 13 5401
00 0 0 13 5401
00 0 0 13 5401
00 0 0 13 5401
00 0 0 13 5401
00 0 0 13 5401
00 0 0 13 5401
00 0 0 13 5401
00 0 0 13 5401
00 0 0 13 5401
00 0 0 13 5401
00 0 0 13 5401
00 0 0 13 5401
00 0 0 13 5401
00 0 0 13 5401
00 0 0 13 5401
00 0 0 13 5401
00 0 0 13 5401
00 1 1 13 5401
00 0 0 14 5481
0A 0 0 14 5481
35 0 0 14 5481
01 0 0 14 5481
02 0 0 14 5481
03 0 0 14 5481
DE 0 0 14 5481
AD 0 0 14 5481
BE 0 0 14 5481
EF 0 0 14 5481
00 0 0 14 5481
01 0 0 14 5481
08 0 0 14 5481
00 0 0 14 5481
0E 0 0 14 5481
0F 0 0 14 5481
10 0 0 14 5481
11 0 0 14 5481
12 0 0 14 5481
13 0 0 14 5481
14 0 0 14 5481
15 0 0 14 5481
16 0 0 14 5481
17 0 0 14 5481
18 0 0 14 5481
19 0 0 14 5481
1A 0 0 14 5481
1B 0 0 14 5481
1C 0 0 14 5481
1D 0 0 14 5481
1E 0 0 14 5481
1F 0 0 14 5481
20 0 0 14 5481
21 0 0 14 5481
22 0 0 14 5481
23 0 0 14 5481
24 0 0 14 5481
25 0 0 14 5481
26 0 0 14 5481
27 0 0 14 5481
28 0 0 14 5481
29 0 0 14 5481
2A 0 0 14 5481
2B 0 0 14 5481
2C 0 0 14 5481
2D 0 0 14 5481
2E 0 0 14 5481
2F 0 0 14 5481
30 0 0 14 5481
31 0 0 14 5481
32 0 0 14 5481
33 0 0 14 5481
34 0 0 14 5481
35 0 0 14 5481
36 0 0 14 5481
37 0 0 14 5481
38 0 0 14 5481
39 0 0 14 5481
3A 0 0 14 5481
00 1 1 14 5481
00 0 0 15 5560
0A 0 0 15 5560
35 0 0 15 5560
01 0 0 15 5560
02 0 0 15 5560
03 0 0 15 5560
DE 0 0 15 5560
AD 0 0 15 5560
BE 0 0 15 5560
EF 0 0 15 5560
00 0 0 15 5560
01 0 0 15 5560
08 0 0 15 5560
00 0 0 15 5560
0F 0 0 15 5560
10 0 0 15 5560
11 0 0 15 5560
12 0 0 15 5560
13 0 0 15 5560
14 0 0 15 5560
15 0 0 15 5560
16 0 0 15 5560
17 0 0 15 5560
18 0 0 15 5560
19 0 0 15 5560
1A 0 0 15 5560
1B 0 0 15 5560
1C 0 0 15 5560
1D 0 0 15 5560
1E 0 0 15 5560
1F 0 0 15 5560
20 0 0 15 5560
21 0 0 15 5560
22 0 0 15 5560
23 0 0 15 5560
24 0 0 15 5560
25 0 0 15 5560
26 0 0 15 5560
27 0 0 15 5560
28 0 0 15 5560
29 0 0 15 5560
2A 0 0 15 5560
2B 0 0 15 5560
2C 0 0 15 5560
2D 0 0 15 5560
2E 0 0 15 5560
2F 0 0 15 5560
30 0 0 15 5560
31 0 0 15 5560
32 0 0 15 5560
33 0 0 15 5560
34 0 0 15 5560
35 0 0 15 5560
36 0 0 15 5560
37 0 0 15 5560
38 0 0 15 5560
39 0 0 15 5560
3A 0 0 15 5560
3B 0 0 15 5560
3C 1 1 15 5560
00 0 0 16 5637
0A 0 0 16 5637
35 0 0 16 5637
01 0 0 16 5637
02 0 0 16 5637
03 0 0 16 5637
DE 0 0 16 5637
AD 0 0 16 5637
BE 0 0 16 5637
EF 0 0 16 5637
00 0 0 16 5637
01 0 0 16 5637
08 0 0 16 5637
00 0 0 16 5637
10 0 0 16 5637
11 0 0 16 5637
12 0 0 16 5637
13 0 0 16 5637
14 0 0 16 5637
15 0 0 16 5637
16 0 0 16 5637
17 0 0 16 5637
18 0 0 16 5637
19 0 0 16 5637
1A 0 0 16 5637
1B 0 0 16 5637
1C 0 0 16 5637
1D 0 0 16 5637
1E 0 0 16 5637
1F 0 0 16 5637
20 0 0 16 5637
21 0 0 16 5637
22 0 0 16 5637
23 0 0 16 5637
24 0 0 16 5637
25 0 0 16 5637
26 0 0 16 5637
27 0 0 16 5637
28 0 0 16 5637
29 0 0 16 5637
2A 0 0 16 5637
2B 0 0 16 5637
2C 0 0 16 5637
2D 0 0 16 5637
2E 0 0 16 5637
2F 0 0 16 5637
30 0 0 16 5637
31 0 0 16 5637
32 0 0 16 5637
33 0 0 16 5637
34 0 0 16 5637
35 0 0 16 5637
36 0 0 16 5637
37 0 0 16 5637
38 0 0 16 5637
39 0 0 16 5637
3A 0 0 16 5637
3B 0 0 16 5637
3C 0 0 16 5637
3D 0 0 16 5637
3E 1 1 16 5637
