# data last user frame
00 0 0 1
0A 0 0 1
35 0 0 1
01 0 0 1
02 0 0 1
03 0 0 1
DE 0 0 1
AD 0 0 1
BE 0 0 1
EF 0 0 1
00 0 0 1
01 0 0 1
08 0 0 1
00 0 0 1
01 0 0 1
00 0 0 1
00 0 0 1
00 0 0 1
00 0 0 1
00 0 0 1
00 0 0 1
00 0 0 1
00 0 0 1
00 0 0 1
00 0 0 1
00 0 0 1
00 0 0 1
00 0 0 1
00 0 0 1
00 0 0 1
00 0 0 1
00 0 0 1
00 0 0 1
00 0 0 1
00 0 0 1
00 0 0 1
00 0 0 1
00 0 0 1
00 0 0 1
00 0 0 1
00 0 0 1
00 0 0 1
00 0 0 1
00 0 0 1
00 0 0 1
00 0 0 1
00 0 0 1
00 0 0 1
00 0 0 1
00 0 0 1
00 0 0 1
00 0 0 1
00 0 0 1
00 0 0 1
00 0 0 1
00 0 0 1
00 0 0 1
00 0 0 1
00 0 0 1
00 1 1 1
00 0 0 2
0A 0 0 2
35 0 0 2
01 0 0 2
02 0 0 2
03 0 0 2
DE 0 0 2
AD 0 0 2
BE 0 0 2
EF 0 0 2
00 0 0 2
01 0 0 2
08 0 0 2
00 0 0 2
02 0 0 2
03 0 0 2
04 0 0 2
05 0 0 2
06 0 0 2
07 0 0 2
08 0 0 2
09 0 0 2
0A 0 0 2
0B 0 0 2
0C 0 0 2
0D 0 0 2
0E 0 0 2
0F 0 0 2
10 0 0 2
11 0 0 2
12 0 0 2
13 0 0 2
14 0 0 2
15 0 0 2
16 0 0 2
17 0 0 2
18 0 0 2
19 0 0 2
1A 0 0 2
1B 0 0 2
1C 0 0 2
1D 0 0 2
1E 0 0 2
1F 0 0 2
20 0 0 2
21 0 0 2
22 0 0 2
23 0 0 2
24 0 0 2
25 0 0 2
26 0 0 2
27 0 0 2
28 0 0 2
29 0 0 2
2A 0 0 2
2B 0 0 2
2C 0 0 2
2D 0 0 2
2E 0 0 2
2F 1 1 2
00 0 0 3
0A 0 0 3
35 0 0 3
01 0 0 3
02 0 0 3
03 0 0 3
DE 0 0 3
AD 0 0 3
BE 0 0 3
EF 0 0 3
00 0 0 3
01 0 0 3
08 0 0 3
00 0 0 3
03 0 0 3
00 0 0 3
00 0 0 3
00 0 0 3
00 0 0 3
00 0 0 3
00 0 0 3
00 0 0 3
00 0 0 3
00 0 0 3
00 0 0 3
00 0 0 3
00 0 0 3
00 0 0 3
00 0 0 3
00 0 0 3
00 0 0 3
00 0 0 3
00 0 0 3
00 0 0 3
00 0 0 3
00 0 0 3
00 0 0 3
00 0 0 3
00 0 0 3
00 0 0 3
00 0 0 3
00 0 0 3
00 0 0 3
00 0 0 3
00 0 0 3
00 0 0 3
00 0 0 3
00 0 0 3
00 0 0 3
00 0 0 3
00 0 0 3
00 0 0 3
00 0 0 3
00 0 0 3
00 0 0 3
00 0 0 3
00 0 0 3
00 0 0 3
00 0 0 3
00 1 1 3
00 0 0 4
0A 0 0 4
35 0 0 4
01 0 0 4
02 0 0 4
03 0 0 4
DE 0 0 4
AD 0 0 4
BE 0 0 4
EF 0 0 4
00 0 0 4
01 0 0 4
08 0 0 4
00 0 0 4
04 0 0 4
05 0 0 4
06 0 0 4
07 0 0 4
08 0 0 4
09 0 0 4
0A 0 0 4
0B 0 0 4
0C 0 0 4
0D 0 0 4
0E 0 0 4
0F 0 0 4
10 0 0 4
11 0 0 4
12 0 0 4
13 0 0 4
14 0 0 4
15 0 0 4
16 0 0 4
17 0 0 4
18 0 0 4
19 0 0 4
1A 0 0 4
1B 0 0 4
1C 0 0 4
1D 0 0 4
1E 0 0 4
1F 0 0 4
20 0 0 4
21 0 0 4
22 0 0 4
23 0 0 4
24 0 0 4
25 0 0 4
26 0 0 4
27 0 0 4
28 0 0 4
29 0 0 4
2A 0 0 4
2B 0 0 4
2C 0 0 4
2D 0 0 4
2E 0 0 4
2F 0 0 4
30 0 0 4
31 1 1 4
00 0 0 5
0A 0 0 5
35 0 0 5
01 0 0 5
02 0 0 5
03 0 0 5
DE 0 0 5
AD 0 0 5
BE 0 0 5
EF 0 0 5
00 0 0 5
01 0 0 5
08 0 0 5
00 0 0 5
05 0 0 5
00 0 0 5
00 0 0 5
00 0 0 5
00 0 0 5
00 0 0 5
00 0 0 5
00 0 0 5
00 0 0 5
00 0 0 5
00 0 0 5
00 0 0 5
00 0 0 5
00 0 0 5
00 0 0 5
00 0 0 5
00 0 0 5
00 0 0 5
00 0 0 5
00 0 0 5
00 0 0 5
00 0 0 5
00 0 0 5
00 0 0 5
00 0 0 5
00 0 0 5
00 0 0 5
00 0 0 5
00 0 0 5
00 0 0 5
00 0 0 5
00 0 0 5
00 0 0 5
00 0 0 5
00 0 0 5
00 0 0 5
00 0 0 5
00 0 0 5
00 0 0 5
00 0 0 5
00 0 0 5
00 0 0 5
00 0 0 5
00 0 0 5
00 0 0 5
00 1 1 5
00 0 0 6
0A 0 0 6
35 0 0 6
01 0 0 6
02 0 0 6
03 0 0 6
DE 0 0 6
AD 0 0 6
BE 0 0 6
EF 0 0 6
00 0 0 6
01 0 0 6
08 0 0 6
00 0 0 6
06 0 0 6
07 0 0 6
08 0 0 6
09 0 0 6
0A 0 0 6
0B 0 0 6
0C 0 0 6
0D 0 0 6
0E 0 0 6
0F 0 0 6
10 0 0 6
11 0 0 6
12 0 0 6
13 0 0 6
14 0 0 6
15 0 0 6
16 0 0 6
17 0 0 6
18 0 0 6
19 0 0 6
1A 0 0 6
1B 0 0 6
1C 0 0 6
1D 0 0 6
1E 0 0 6
1F 0 0 6
20 0 0 6
21 0 0 6
22 0 0 6
23 0 0 6
24 0 0 6
25 0 0 6
26 0 0 6
27 0 0 6
28 0 0 6
29 0 0 6
2A 0 0 6
2B 0 0 6
2C 0 0 6
2D 0 0 6
2E 0 0 6
2F 0 0 6
30 0 0 6
31 0 0 6
32 0 0 6
33 1 1 6
00 0 0 7
0A 0 0 7
35 0 0 7
01 0 0 7
02 0 0 7
03 0 0 7
DE 0 0 7
AD 0 0 7
BE 0 0 7
EF 0 0 7
00 0 0 7
01 0 0 7
08 0 0 7
00 0 0 7
07 0 0 7
00 0 0 7
00 0 0 7
00 0 0 7
00 0 0 7
00 0 0 7
00 0 0 7
00 0 0 7
00 0 0 7
00 0 0 7
00 0 0 7
00 0 0 7
00 0 0 7
00 0 0 7
00 0 0 7
00 0 0 7
00 0 0 7
00 0 0 7
00 0 0 7
00 0 0 7
00 0 0 7
00 0 0 7
00 0 0 7
00 0 0 7
00 0 0 7
00 0 0 7
00 0 0 7
00 0 0 7
00 0 0 7
00 0 0 7
00 0 0 7
00 0 0 7
00 0 0 7
00 0 0 7
00 0 0 7
00 0 0 7
00 0 0 7
00 0 0 7
00 0 0 7
00 0 0 7
00 0 0 7
00 0 0 7
00 0 0 7
00 0 0 7
00 0 0 7
00 1 1 7
00 0 0 8
0A 0 0 8
35 0 0 8
01 0 0 8
02 0 0 8
03 0 0 8
DE 0 0 8
AD 0 0 8
BE 0 0 8
EF 0 0 8
00 0 0 8
01 0 0 8
08 0 0 8
00 0 0 8
08 0 0 8
09 0 0 8
0A 0 0 8
0B 0 0 8
0C 0 0 8
0D 0 0 8
0E 0 0 8
0F 0 0 8
10 0 0 8
11 0 0 8
12 0 0 8
13 0 0 8
14 0 0 8
15 0 0 8
16 0 0 8
17 0 0 8
18 0 0 8
19 0 0 8
1A 0 0 8
1B 0 0 8
1C 0 0 8
1D 0 0 8
1E 0 0 8
1F 0 0 8
20 0 0 8
21 0 0 8
22 0 0 8
23 0 0 8
24 0 0 8
25 0 0 8
26 0 0 8
27 0 0 8
28 0 0 8
29 0 0 8
2A 0 0 8
2B 0 0 8
2C 0 0 8
2D 0 0 8
2E 0 0 8
2F 0 0 8
30 0 0 8
31 0 0 8
32 0 0 8
33 0 0 8
34 0 0 8
35 1 1 8
00 0 0 9
0A 0 0 9
35 0 0 9
01 0 0 9
02 0 0 9
03 0 0 9
DE 0 0 9
AD 0 0 9
BE 0 0 9
EF 0 0 9
00 0 0 9
01 0 0 9
08 0 0 9
00 0 0 9
09 0 0 9
00 0 0 9
00 0 0 9
00 0 0 9
00 0 0 9
00 0 0 9
00 0 0 9
00 0 0 9
00 0 0 9
00 0 0 9
00 0 0 9
00 0 0 9
00 0 0 9
00 0 0 9
00 0 0 9
00 0 0 9
00 0 0 9
00 0 0 9
00 0 0 9
00 0 0 9
00 0 0 9
00 0 0 9
00 0 0 9
00 0 0 9
00 0 0 9
00 0 0 9
00 0 0 9
00 0 0 9
00 0 0 9
00 0 0 9
00 0 0 9
00 0 0 9
00 0 0 9
00 0 0 9
00 0 0 9
00 0 0 9
00 0 0 9
00 0 0 9
00 0 0 9
00 0 0 9
00 0 0 9
00 0 0 9
00 0 0 9
00 0 0 9
00 0 0 9
00 1 1 9
00 0 0 10
0A 0 0 10
35 0 0 10
01 0 0 10
02 0 0 10
03 0 0 10
DE 0 0 10
AD 0 0 10
BE 0 0 10
EF 0 0 10
00 0 0 10
01 0 0 10
08 0 0 10
00 0 0 10
0A 0 0 10
0B 0 0 10
0C 0 0 10
0D 0 0 10
0E 0 0 10
0F 0 0 10
10 0 0 10
11 0 0 10
12 0 0 10
13 0 0 10
14 0 0 10
15 0 0 10
16 0 0 10
17 0 0 10
18 0 0 10
19 0 0 10
1A 0 0 10
1B 0 0 10
1C 0 0 10
1D 0 0 10
1E 0 0 10
1F 0 0 10
20 0 0 10
21 0 0 10
22 0 0 10
23 0 0 10
24 0 0 10
25 0 0 10
26 0 0 10
27 0 0 10
28 0 0 10
29 0 0 10
2A 0 0 10
2B 0 0 10
2C 0 0 10
2D 0 0 10
2E 0 0 10
2F 0 0 10
30 0 0 10
31 0 0 10
32 0 0 10
33 0 0 10
34 0 0 10
35 0 0 10
36 0 0 10
37 1 1 10
00 0 0 11
0A 0 0 11
35 0 0 11
01 0 0 11
02 0 0 11
03 0 0 11
DE 0 0 11
AD 0 0 11
BE 0 0 11
EF 0 0 11
00 0 0 11
01 0 0 11
08 0 0 11
00 0 0 11
0B 0 0 11
00 0 0 11
00 0 0 11
00 0 0 11
00 0 0 11
00 0 0 11
00 0 0 11
00 0 0 11
00 0 0 11
00 0 0 11
00 0 0 11
00 0 0 11
00 0 0 11
00 0 0 11
00 0 0 11
00 0 0 11
00 0 0 11
00 0 0 11
00 0 0 11
00 0 0 11
00 0 0 11
00 0 0 11
00 0 0 11
00 0 0 11
00 0 0 11
00 0 0 11
00 0 0 11
00 0 0 11
00 0 0 11
00 0 0 11
00 0 0 11
00 0 0 11
00 0 0 11
00 0 0 11
00 0 0 11
00 0 0 11
00 0 0 11
00 0 0 11
00 0 0 11
00 0 0 11
00 0 0 11
00 0 0 11
00 0 0 11
00 0 0 11
00 0 0 11
00 1 1 11
00 0 0 12
0A 0 0 12
35 0 0 12
01 0 0 12
02 0 0 12
03 0 0 12
DE 0 0 12
AD 0 0 12
BE 0 0 12
EF 0 0 12
00 0 0 12
01 0 0 12
08 0 0 12
00 0 0 12
0C 0 0 12
0D 0 0 12
0E 0 0 12
0F 0 0 12
10 0 0 12
11 0 0 12
12 0 0 12
13 0 0 12
14 0 0 12
15 0 0 12
16 0 0 12
17 0 0 12
18 0 0 12
19 0 0 12
1A 0 0 12
1B 0 0 12
1C 0 0 12
1D 0 0 12
1E 0 0 12
1F 0 0 12
20 0 0 12
21 0 0 12
22 0 0 12
23 0 0 12
24 0 0 12
25 0 0 12
26 0 0 12
27 0 0 12
28 0 0 12
29 0 0 12
2A 0 0 12
2B 0 0 12
2C 0 0 12
2D 0 0 12
2E 0 0 12
2F 0 0 12
30 0 0 12
31 0 0 12
32 0 0 12
33 0 0 12
34 0 0 12
35 0 0 12
36 0 0 12
37 0 0 12
38 0 0 12
39 1 1 12
00 0 0 13
0A 0 0 13
35 0 0 13
01 0 0 13
02 0 0 13
03 0 0 13
DE 0 0 13
AD 0 0 13
BE 0 0 13
EF 0 0 13
00 0 0 13
01 0 0 13
08 0 0 13
00 0 0 13
0D 0 0 13
00 0 0 13
00 0 0 13
00 0 0 13
00 0 0 13
00 0 0 13
00 0 0 13
00 0 0 13
00 0 0 13
00 0 0 13
00 0 0 13
00 0 0 13
00 0 0 13
00 0 0 13
00 0 0 13
00 0 0 13
00 0 0 13
00 0 0 13
00 0 0 13
00 0 0 13
00 0 0 13
00 0 0 13
00 0 0 13
00 0 0 13
00 0 0 13
00 0 0 13
00 0 0 13
00 0 0 13
00 0 0 13
00 0 0 13
00 0 0 13
00 0 0 13
00 0 0 13
00 0 0 13
00 0 0 13
00 0 0 13
00 0 0 13
00 0 0 13
00 0 0 13
00 0 0 13
00 0 0 13
00 0 0 13
00 0 0 13
00 0 0 13
00 0 0 13
00 1 1 13
00 0 0 14
0A 0 0 14
35 0 0 14
01 0 0 14
02 0 0 14
03 0 0 14
DE 0 0 14
AD 0 0 14
BE 0 0 14
EF 0 0 14
00 0 0 14
01 0 0 14
08 0 0 14
00 0 0 14
0E 0 0 14
0F 0 0 14
10 0 0 14
11 0 0 14
12 0 0 14
13 0 0 14
14 0 0 14
15 0 0 14
16 0 0 14
17 0 0 14
18 0 0 14
19 0 0 14
1A 0 0 14
1B 0 0 14
1C 0 0 14
1D 0 0 14
1E 0 0 14
1F 0 0 14
20 0 0 14
21 0 0 14
22 0 0 14
23 0 0 14
24 0 0 14
25 0 0 14
26 0 0 14
27 0 0 14
28 0 0 14
29 0 0 14
2A 0 0 14
2B 0 0 14
2C 0 0 14
2D 0 0 14
2E 0 0 14
2F 0 0 14
30 0 0 14
31 0 0 14
32 0 0 14
33 0 0 14
34 0 0 14
35 0 0 14
36 0 0 14
37 0 0 14
38 0 0 14
39 0 0 14
3A 0 0 14
3B 1 1 14
00 0 0 15
0A 0 0 15
35 0 0 15
01 0 0 15
02 0 0 15
03 0 0 15
DE 0 0 15
AD 0 0 15
BE 0 0 15
EF 0 0 15
00 0 0 15
01 0 0 15
08 0 0 15
00 0 0 15
0F 0 0 15
00 0 0 15
00 0 0 15
00 0 0 15
00 0 0 15
00 0 0 15
00 0 0 15
00 0 0 15
00 0 0 15
00 0 0 15
00 0 0 15
00 0 0 15
00 0 0 15
00 0 0 15
00 0 0 15
00 0 0 15
00 0 0 15
00 0 0 15
00 0 0 15
00 0 0 15
00 0 0 15
00 0 0 15
00 0 0 15
00 0 0 15
00 0 0 15
00 0 0 15
00 0 0 15
00 0 0 15
00 0 0 15
00 0 0 15
00 0 0 15
00 0 0 15
00 0 0 15
00 0 0 15
00 0 0 15
00 0 0 15
00 0 0 15
00 0 0 15
00 0 0 15
00 0 0 15
00 0 0 15
00 0 0 15
00 0 0 15
00 0 0 15
00 0 0 15
00 1 1 15
00 0 0 16
0A 0 0 16
35 0 0 16
01 0 0 16
02 0 0 16
03 0 0 16
DE 0 0 16
AD 0 0 16
BE 0 0 16
EF 0 0 16
00 0 0 16
01 0 0 16
08 0 0 16
00 0 0 16
10 0 0 16
11 0 0 16
12 0 0 16
13 0 0 16
14 0 0 16
15 0 0 16
16 0 0 16
17 0 0 16
18 0 0 16
19 0 0 16
1A 0 0 16
1B 0 0 16
1C 0 0 16
1D 0 0 16
1E 0 0 16
1F 0 0 16
20 0 0 16
21 0 0 16
22 0 0 16
23 0 0 16
24 0 0 16
25 0 0 16
26 0 0 16
27 0 0 16
28 0 0 16
29 0 0 16
2A 0 0 16
2B 0 0 16
2C 0 0 16
2D 0 0 16
2E 0 0 16
2F 0 0 16
30 0 0 16
31 0 0 16
32 0 0 16
33 0 0 16
34 0 0 16
35 0 0 16
36 0 0 16
37 0 0 16
38 0 0 16
39 0 0 16
3A 0 0 16
3B 0 0 16
3C 0 0 16
3D 1 1 16
00 0 0 17
0A 0 0 17
35 0 0 17
01 0 0 17
02 0 0 17
03 0 0 17
DE 0 0 17
AD 0 0 17
BE 0 0 17
EF 0 0 17
00 0 0 17
01 0 0 17
08 0 0 17
00 0 0 17
11 0 0 17
00 0 0 17
00 0 0 17
00 0 0 17
00 0 0 17
00 0 0 17
00 0 0 17
00 0 0 17
00 0 0 17
00 0 0 17
00 0 0 17
00 0 0 17
00 0 0 17
00 0 0 17
00 0 0 17
00 0 0 17
00 0 0 17
00 0 0 17
00 0 0 17
00 0 0 17
00 0 0 17
00 0 0 17
00 0 0 17
00 0 0 17
00 0 0 17
00 0 0 17
00 0 0 17
00 0 0 17
00 0 0 17
00 0 0 17
00 0 0 17
00 0 0 17
00 0 0 17
00 0 0 17
00 0 0 17
00 0 0 17
00 0 0 17
00 0 0 17
00 0 0 17
00 0 0 17
00 0 0 17
00 0 0 17
00 0 0 17
00 0 0 17
00 0 0 17
00 1 1 17
00 0 0 18
0A 0 0 18
35 0 0 18
01 0 0 18
02 0 0 18
03 0 0 18
DE 0 0 18
AD 0 0 18
BE 0 0 18
EF 0 0 18
00 0 0 18
01 0 0 18
08 0 0 18
00 0 0 18
12 0 0 18
13 0 0 18
14 0 0 18
15 0 0 18
16 0 0 18
17 0 0 18
18 0 0 18
19 0 0 18
1A 0 0 18
1B 0 0 18
1C 0 0 18
1D 0 0 18
1E 0 0 18
1F 0 0 18
20 0 0 18
21 0 0 18
22 0 0 18
23 0 0 18
24 0 0 18
25 0 0 18
26 0 0 18
27 0 0 18
28 0 0 18
29 0 0 18
2A 0 0 18
2B 0 0 18
2C 0 0 18
2D 0 0 18
2E 0 0 18
2F 0 0 18
30 0 0 18
31 0 0 18
32 0 0 18
33 0 0 18
34 0 0 18
35 0 0 18
36 0 0 18
37 0 0 18
38 0 0 18
39 0 0 18
3A 0 0 18
3B 0 0 18
3C 0 0 18
3D 0 0 18
3E 0 0 18
3F 1 1 18
00 0 0 19
0A 0 0 19
35 0 0 19
01 0 0 19
02 0 0 19
03 0 0 19
DE 0 0 19
AD 0 0 19
BE 0 0 19
EF 0 0 19
00 0 0 19
01 0 0 19
08 0 0 19
00 0 0 19
13 0 0 19
00 0 0 19
00 0 0 19
00 0 0 19
00 0 0 19
00 0 0 19
00 0 0 19
00 0 0 19
00 0 0 19
00 0 0 19
00 0 0 19
00 0 0 19
00 0 0 19
00 0 0 19
00 0 0 19
00 0 0 19
00 0 0 19
00 0 0 19
00 0 0 19
00 0 0 19
00 0 0 19
00 0 0 19
00 0 0 19
00 0 0 19
00 0 0 19
00 0 0 19
00 0 0 19
00 0 0 19
00 0 0 19
00 0 0 19
00 0 0 19
00 0 0 19
00 0 0 19
00 0 0 19
00 0 0 19
00 0 0 19
00 0 0 19
00 0 0 19
00 0 0 19
00 0 0 19
00 0 0 19
00 0 0 19
00 0 0 19
00 0 0 19
00 0 0 19
00 1 1 19
00 0 0 20
0A 0 0 20
35 0 0 20
01 0 0 20
02 0 0 20
03 0 0 20
DE 0 0 20
AD 0 0 20
BE 0 0 20
EF 0 0 20
00 0 0 20
01 0 0 20
08 0 0 20
00 0 0 20
14 0 0 20
15 0 0 20
16 0 0 20
17 0 0 20
18 0 0 20
19 0 0 20
1A 0 0 20
1B 0 0 20
1C 0 0 20
1D 0 0 20
1E 0 0 20
1F 0 0 20
20 0 0 20
21 0 0 20
22 0 0 20
23 0 0 20
24 0 0 20
25 0 0 20
26 0 0 20
27 0 0 20
28 0 0 20
29 0 0 20
2A 0 0 20
2B 0 0 20
2C 0 0 20
2D 0 0 20
2E 0 0 20
2F 0 0 20
30 0 0 20
31 0 0 20
32 0 0 20
33 0 0 20
34 0 0 20
35 0 0 20
36 0 0 20
37 0 0 20
38 0 0 20
39 0 0 20
3A 0 0 20
3B 0 0 20
3C 0 0 20
3D 0 0 20
3E 0 0 20
3F 0 0 20
40 0 0 20
41 1 1 20
00 0 0 21
0A 0 0 21
35 0 0 21
01 0 0 21
02 0 0 21
03 0 0 21
DE 0 0 21
AD 0 0 21
BE 0 0 21
EF 0 0 21
00 0 0 21
01 0 0 21
08 0 0 21
00 0 0 21
15 0 0 21
00 0 0 21
00 0 0 21
00 0 0 21
00 0 0 21
00 0 0 21
00 0 0 21
00 0 0 21
00 0 0 21
00 0 0 21
00 0 0 21
00 0 0 21
00 0 0 21
00 0 0 21
00 0 0 21
00 0 0 21
00 0 0 21
00 0 0 21
00 0 0 21
00 0 0 21
00 0 0 21
00 0 0 21
00 0 0 21
00 0 0 21
00 0 0 21
00 0 0 21
00 0 0 21
00 0 0 21
00 0 0 21
00 0 0 21
00 0 0 21
00 0 0 21
00 0 0 21
00 0 0 21
00 0 0 21
00 0 0 21
00 0 0 21
00 0 0 21
00 0 0 21
00 0 0 21
00 0 0 21
00 0 0 21
00 0 0 21
00 0 0 21
00 0 0 21
00 1 1 21
00 0 0 22
0A 0 0 22
35 0 0 22
01 0 0 22
02 0 0 22
03 0 0 22
DE 0 0 22
AD 0 0 22
BE 0 0 22
EF 0 0 22
00 0 0 22
01 0 0 22
08 0 0 22
00 0 0 22
16 0 0 22
17 0 0 22
18 0 0 22
19 0 0 22
1A 0 0 22
1B 0 0 22
1C 0 0 22
1D 0 0 22
1E 0 0 22
1F 0 0 22
20 0 0 22
21 0 0 22
22 0 0 22
23 0 0 22
24 0 0 22
25 0 0 22
26 0 0 22
27 0 0 22
28 0 0 22
29 0 0 22
2A 0 0 22
2B 0 0 22
2C 0 0 22
2D 0 0 22
2E 0 0 22
2F 0 0 22
30 0 0 22
31 0 0 22
32 0 0 22
33 0 0 22
34 0 0 22
35 0 0 22
36 0 0 22
37 0 0 22
38 0 0 22
39 0 0 22
3A 0 0 22
3B 0 0 22
3C 0 0 22
3D 0 0 22
3E 0 0 22
3F 0 0 22
40 0 0 22
41 0 0 22
42 0 0 22
43 1 1 22
00 0 0 23
0A 0 0 23
35 0 0 23
01 0 0 23
02 0 0 23
03 0 0 23
DE 0 0 23
AD 0 0 23
BE 0 0 23
EF 0 0 23
00 0 0 23
01 0 0 23
08 0 0 23
00 0 0 23
17 0 0 23
00 0 0 23
00 0 0 23
00 0 0 23
00 0 0 23
00 0 0 23
00 0 0 23
00 0 0 23
00 0 0 23
00 0 0 23
00 0 0 23
00 0 0 23
00 0 0 23
00 0 0 23
00 0 0 23
00 0 0 23
00 0 0 23
00 0 0 23
00 0 0 23
00 0 0 23
00 0 0 23
00 0 0 23
00 0 0 23
00 0 0 23
00 0 0 23
00 0 0 23
00 0 0 23
00 0 0 23
00 0 0 23
00 0 0 23
00 0 0 23
00 0 0 23
00 0 0 23
00 0 0 23
00 0 0 23
00 0 0 23
00 0 0 23
00 0 0 23
00 0 0 23
00 0 0 23
00 0 0 23
00 0 0 23
00 0 0 23
00 0 0 23
00 0 0 23
00 1 1 23
00 0 0 24
0A 0 0 24
35 0 0 24
01 0 0 24
02 0 0 24
03 0 0 24
DE 0 0 24
AD 0 0 24
BE 0 0 24
EF 0 0 24
00 0 0 24
01 0 0 24
08 0 0 24
00 0 0 24
18 0 0 24
19 0 0 24
1A 0 0 24
1B 0 0 24
1C 0 0 24
1D 0 0 24
1E 0 0 24
1F 0 0 24
20 0 0 24
21 0 0 24
22 0 0 24
23 0 0 24
24 0 0 24
25 0 0 24
26 0 0 24
27 0 0 24
28 0 0 24
29 0 0 24
2A 0 0 24
2B 0 0 24
2C 0 0 24
2D 0 0 24
2E 0 0 24
2F 0 0 24
30 0 0 24
31 0 0 24
32 0 0 24
33 0 0 24
34 0 0 24
35 0 0 24
36 0 0 24
37 0 0 24
38 0 0 24
39 0 0 24
3A 0 0 24
3B 0 0 24
3C 0 0 24
3D 0 0 24
3E 0 0 24
3F 0 0 24
40 0 0 24
41 0 0 24
42 0 0 24
43 0 0 24
44 0 0 24
45 1 1 24
