# data last user frame sfdCycle
00 0 0 1 19
0A 0 0 1 19
35 0 0 1 19
01 0 0 1 19
02 0 0 1 19
03 0 0 1 19
DE 0 0 1 19
AD 0 0 1 19
BE 0 0 1 19
EF 0 0 1 19
00 0 0 1 19
01 0 0 1 19
08 0 0 1 19
00 0 0 1 19
01 0 0 1 19
00 0 0 1 19
00 0 0 1 19
00 0 0 1 19
00 0 0 1 19
00 0 0 1 19
00 0 0 1 19
00 0 0 1 19
00 0 0 1 19
00 0 0 1 19
00 0 0 1 19
00 0 0 1 19
00 0 0 1 19
00 0 0 1 19
00 0 0 1 19
00 0 0 1 19
00 0 0 1 19
00 0 0 1 19
00 0 0 1 19
00 0 0 1 19
00 0 0 1 19
00 0 0 1 19
00 0 0 1 19
00 0 0 1 19
00 0 0 1 19
00 0 0 1 19
00 0 0 1 19
00 0 0 1 19
00 0 0 1 19
00 0 0 1 19
00 0 0 1 19
00 0 0 1 19
00 0 0 1 19
00 0 0 1 19
00 0 0 1 19
00 0 0 1 19
00 0 0 1 19
00 0 0 1 19
00 0 0 1 19
00 0 0 1 19
00 0 0 1 19
00 0 0 1 19
00 0 0 1 19
00 0 0 1 19
00 0 0 1 19
00 1 1 1 19
01 0 0 2 103
0A 0 0 2 103
35 0 0 2 103
01 0 0 2 103
02 0 0 2 103
03 0 0 2 103
DE 0 0 2 103
AD 0 0 2 103
BE 0 0 2 103
EF 0 0 2 103
00 0 0 2 103
01 0 0 2 103
08 0 0 2 103
00 0 0 2 103
02 0 0 2 103
03 0 0 2 103
04 0 0 2 103
05 0 0 2 103
06 0 0 2 103
07 0 0 2 103
08 0 0 2 103
09 0 0 2 103
0A 0 0 2 103
0B 0 0 2 103
0C 0 0 2 103
0D 0 0 2 103
0E 0 0 2 103
0F 0 0 2 103
10 0 0 2 103
11 0 0 2 103
12 0 0 2 103
13 0 0 2 103
14 0 0 2 103
15 0 0 2 103
16 0 0 2 103
17 0 0 2 103
18 0 0 2 103
19 0 0 2 103
1A 0 0 2 103
1B 0 0 2 103
1C 0 0 2 103
1D 0 0 2 103
1E 0 0 2 103
1F 0 0 2 103
20 0 0 2 103
21 0 0 2 103
22 0 0 2 103
23 0 0 2 103
24 0 0 2 103
25 0 0 2 103
26 0 0 2 103
27 0 0 2 103
28 0 0 2 103
29 0 0 2 103
2A 0 0 2 103
2B 0 0 2 103
2C 0 0 2 103
2D 0 0 2 103
2E 0 0 2 103
00 1 0 2 103
00 0 0 3 187
0A 0 0 3 187
35 0 0 3 187
01 0 0 3 187
02 0 0 3 187
03 0 0 3 187
DE 0 0 3 187
AD 0 0 3 187
BE 0 0 3 187
EF 0 0 3 187
00 0 0 3 187
01 0 0 3 187
08 0 0 3 187
00 0 0 3 187
03 0 0 3 187
04 0 0 3 187
05 0 0 3 187
06 0 0 3 187
07 0 0 3 187
08 0 0 3 187
09 0 0 3 187
0A 0 0 3 187
0B 0 0 3 187
0C 0 0 3 187
0D 0 0 3 187
0E 0 0 3 187
0F 0 0 3 187
10 0 0 3 187
11 0 0 3 187
12 0 0 3 187
13 0 0 3 187
14 0 0 3 187
15 0 0 3 187
16 0 0 3 187
17 0 0 3 187
18 0 0 3 187
19 0 0 3 187
1A 0 0 3 187
1B 0 0 3 187
1C 0 0 3 187
1D 0 0 3 187
1E 0 0 3 187
1F 0 0 3 187
20 0 0 3 187
21 0 0 3 187
22 0 0 3 187
23 0 0 3 187
24 0 0 3 187
25 0 0 3 187
26 0 0 3 187
27 0 0 3 187
28 0 0 3 187
29 0 0 3 187
2A 0 0 3 187
2B 0 0 3 187
2C 0 0 3 187
2D 0 0 3 187
2E 0 0 3 187
2F 0 0 3 187
30 1 1 3 187
00 0 0 4 271
0A 0 0 4 271
35 0 0 4 271
01 0 0 4 271
02 0 0 4 271
03 0 0 4 271
DE 0 0 4 271
AD 0 0 4 271
BE 0 0 4 271
EF 0 0 4 271
00 0 0 4 271
01 0 0 4 271
08 0 0 4 271
00 0 0 4 271
04 0 0 4 271
05 0 0 4 271
06 0 0 4 271
07 0 0 4 271
08 0 0 4 271
09 0 0 4 271
0A 0 0 4 271
0B 0 0 4 271
0C 0 0 4 271
0D 0 0 4 271
0E 0 0 4 271
0F 0 0 4 271
10 0 0 4 271
11 0 0 4 271
12 0 0 4 271
13 0 0 4 271
14 0 0 4 271
15 0 0 4 271
16 0 0 4 271
17 0 0 4 271
18 0 0 4 271
19 0 0 4 271
1A 0 0 4 271
1B 0 0 4 271
1C 0 0 4 271
1D 0 0 4 271
1E 0 0 4 271
1F 0 0 4 271
20 0 0 4 271
61 0 0 4 271
22 0 0 4 271
23 0 0 4 271
24 0 0 4 271
25 0 0 4 271
26 0 0 4 271
27 0 0 4 271
28 0 0 4 271
29 0 0 4 271
2A 0 0 4 271
2B 0 0 4 271
2C 0 0 4 271
2D 0 0 4 271
2E 0 0 4 271
2F 0 0 4 271
30 0 0 4 271
31 0 0 4 271
32 1 0 4 271
00 0 0 5 356
0A 0 0 5 356
35 0 0 5 356
01 0 0 5 356
02 0 0 5 356
03 0 0 5 356
DE 0 0 5 356
AD 0 0 5 356
BE 0 0 5 356
EF 0 0 5 356
00 0 0 5 356
01 0 0 5 356
08 0 0 5 356
00 0 0 5 356
05 0 0 5 356
06 0 0 5 356
07 0 0 5 356
08 0 0 5 356
09 0 0 5 356
0A 0 0 5 356
0B 0 0 5 356
0C 0 0 5 356
0D 0 0 5 356
0E 0 0 5 356
0F 0 0 5 356
10 0 0 5 356
11 0 0 5 356
12 0 0 5 356
13 0 0 5 356
14 0 0 5 356
15 0 0 5 356
16 0 0 5 356
17 0 0 5 356
18 0 0 5 356
19 0 0 5 356
1A 0 0 5 356
1B 0 0 5 356
1C 0 0 5 356
1D 0 0 5 356
1E 0 0 5 356
1F 0 0 5 356
20 0 0 5 356
21 0 0 5 356
22 0 0 5 356
23 0 0 5 356
24 0 0 5 356
25 0 0 5 356
26 0 0 5 356
27 0 0 5 356
28 0 0 5 356
29 0 0 5 356
2A 0 0 5 356
2B 0 0 5 356
2C 0 0 5 356
2D 0 0 5 356
2E 0 0 5 356
2F 0 0 5 356
30 0 0 5 356
31 0 0 5 356
32 0 0 5 356
33 0 0 5 356
34 0 0 5 356
35 0 0 5 356
36 0 0 5 356
37 0 0 5 356
38 0 0 5 356
39 0 0 5 356
3A 0 0 5 356
3B 0 0 5 356
3C 0 0 5 356
3D 0 0 5 356
3E 0 0 5 356
3F 0 0 5 356
40 0 0 5 356
41 0 0 5 356
42 0 0 5 356
43 1 1 5 356
00 0 0 6 457
02 0 0 6 457
35 0 0 6 457
01 0 0 6 457
02 0 0 6 457
03 0 0 6 457
DE 0 0 6 457
AD 0 0 6 457
BE 0 0 6 457
EF 0 0 6 457
00 0 0 6 457
01 0 0 6 457
08 0 0 6 457
00 0 0 6 457
06 0 0 6 457
07 0 0 6 457
08 0 0 6 457
09 0 0 6 457
0A 0 0 6 457
0B 0 0 6 457
0C 0 0 6 457
0D 0 0 6 457
0E 0 0 6 457
0F 0 0 6 457
10 0 0 6 457
11 0 0 6 457
12 0 0 6 457
13 0 0 6 457
14 0 0 6 457
15 0 0 6 457
16 0 0 6 457
17 0 0 6 457
18 0 0 6 457
19 0 0 6 457
1A 0 0 6 457
1B 0 0 6 457
1C 0 0 6 457
1D 0 0 6 457
1E 0 0 6 457
1F 0 0 6 457
20 0 0 6 457
21 0 0 6 457
22 0 0 6 457
23 0 0 6 457
24 0 0 6 457
25 0 0 6 457
26 0 0 6 457
27 0 0 6 457
28 0 0 6 457
29 0 0 6 457
2A 0 0 6 457
2B 0 0 6 457
2C 0 0 6 457
2D 0 0 6 457
2E 0 0 6 457
2F 0 0 6 457
30 0 0 6 457
31 0 0 6 457
32 0 0 6 457
33 0 0 6 457
34 0 0 6 457
35 0 0 6 457
36 0 0 6 457
37 0 0 6 457
38 0 0 6 457
39 0 0 6 457
3A 0 0 6 457
3B 0 0 6 457
3C 0 0 6 457
3D 0 0 6 457
3E 0 0 6 457
3F 0 0 6 457
40 0 0 6 457
41 0 0 6 457
42 0 0 6 457
43 0 0 6 457
44 0 0 6 457
45 1 0 6 457
00 0 0 7 559
0A 0 0 7 559
35 0 0 7 559
01 0 0 7 559
02 0 0 7 559
03 0 0 7 559
DE 0 0 7 559
AD 0 0 7 559
BE 0 0 7 559
EF 0 0 7 559
00 0 0 7 559
01 0 0 7 559
08 0 0 7 559
00 0 0 7 559
07 0 0 7 559
08 0 0 7 559
09 0 0 7 559
0A 0 0 7 559
0B 0 0 7 559
0C 0 0 7 559
0D 0 0 7 559
0E 0 0 7 559
0F 0 0 7 559
10 0 0 7 559
11 0 0 7 559
12 0 0 7 559
13 0 0 7 559
14 0 0 7 559
15 0 0 7 559
16 0 0 7 559
17 0 0 7 559
18 0 0 7 559
19 0 0 7 559
1A 0 0 7 559
1B 0 0 7 559
1C 0 0 7 559
1D 0 0 7 559
1E 0 0 7 559
1F 0 0 7 559
20 0 0 7 559
21 0 0 7 559
22 0 0 7 559
23 0 0 7 559
24 0 0 7 559
25 0 0 7 559
26 0 0 7 559
27 0 0 7 559
28 0 0 7 559
29 0 0 7 559
2A 0 0 7 559
2B 0 0 7 559
2C 0 0 7 559
2D 0 0 7 559
2E 0 0 7 559
2F 0 0 7 559
30 0 0 7 559
31 0 0 7 559
32 0 0 7 559
33 0 0 7 559
34 0 0 7 559
35 0 0 7 559
36 0 0 7 559
37 0 0 7 559
38 0 0 7 559
39 0 0 7 559
3A 0 0 7 559
3B 0 0 7 559
3C 0 0 7 559
3D 0 0 7 559
3E 0 0 7 559
3F 0 0 7 559
40 0 0 7 559
41 0 0 7 559
42 0 0 7 559
43 0 0 7 559
44 0 0 7 559
45 0 0 7 559
46 0 0 7 559
47 1 1 7 559
00 0 0 8 662
0A 0 0 8 662
35 0 0 8 662
01 0 0 8 662
02 0 0 8 662
03 0 0 8 662
DE 0 0 8 662
AD 0 0 8 662
BE 0 0 8 662
EF 0 0 8 662
00 0 0 8 662
01 0 0 8 662
08 0 0 8 662
00 0 0 8 662
08 0 0 8 662
09 0 0 8 662
0A 0 0 8 662
0B 0 0 8 662
0C 0 0 8 662
0D 0 0 8 662
0E 0 0 8 662
0F 0 0 8 662
14 0 0 8 662
11 0 0 8 662
12 0 0 8 662
13 0 0 8 662
14 0 0 8 662
15 0 0 8 662
16 0 0 8 662
17 0 0 8 662
18 0 0 8 662
19 0 0 8 662
1A 0 0 8 662
1B 0 0 8 662
1C 0 0 8 662
1D 0 0 8 662
1E 0 0 8 662
1F 0 0 8 662
20 0 0 8 662
21 0 0 8 662
22 0 0 8 662
23 0 0 8 662
24 0 0 8 662
25 0 0 8 662
26 0 0 8 662
27 0 0 8 662
28 0 0 8 662
29 0 0 8 662
2A 0 0 8 662
2B 0 0 8 662
2C 0 0 8 662
2D 0 0 8 662
2E 0 0 8 662
2F 0 0 8 662
30 0 0 8 662
31 0 0 8 662
32 0 0 8 662
33 0 0 8 662
34 0 0 8 662
35 0 0 8 662
36 0 0 8 662
37 0 0 8 662
38 0 0 8 662
39 0 0 8 662
3A 0 0 8 662
3B 0 0 8 662
3C 0 0 8 662
3D 0 0 8 662
3E 0 0 8 662
3F 0 0 8 662
40 0 0 8 662
41 0 0 8 662
42 0 0 8 662
43 0 0 8 662
44 0 0 8 662
45 0 0 8 662
46 0 0 8 662
47 0 0 8 662
48 0 0 8 662
49 0 0 8 662
4A 0 0 8 662
4B 0 0 8 662
4C 0 0 8 662
4D 0 0 8 662
4E 0 0 8 662
4F 0 0 8 662
50 0 0 8 662
51 0 0 8 662
52 0 0 8 662
53 0 0 8 662
54 0 0 8 662
55 0 0 8 662
56 0 0 8 662
57 0 0 8 662
58 0 0 8 662
59 0 0 8 662
5A 0 0 8 662
5B 0 0 8 662
5C 0 0 8 662
5D 0 0 8 662
5E 0 0 8 662
5F 0 0 8 662
60 0 0 8 662
61 0 0 8 662
62 0 0 8 662
63 0 0 8 662
64 0 0 8 662
65 0 0 8 662
66 0 0 8 662
67 0 0 8 662
68 0 0 8 662
69 0 0 8 662
6A 0 0 8 662
6B 1 0 8 662
00 0 0 9 800
0A 0 0 9 800
35 0 0 9 800
01 0 0 9 800
02 0 0 9 800
03 0 0 9 800
DE 0 0 9 800
AD 0 0 9 800
BE 0 0 9 800
EF 0 0 9 800
00 0 0 9 800
01 0 0 9 800
08 0 0 9 800
00 0 0 9 800
09 0 0 9 800
0A 0 0 9 800
0B 0 0 9 800
0C 0 0 9 800
0D 0 0 9 800
0E 0 0 9 800
0F 0 0 9 800
10 0 0 9 800
11 0 0 9 800
12 0 0 9 800
13 0 0 9 800
14 0 0 9 800
15 0 0 9 800
16 0 0 9 800
17 0 0 9 800
18 0 0 9 800
19 0 0 9 800
1A 0 0 9 800
1B 0 0 9 800
1C 0 0 9 800
1D 0 0 9 800
1E 0 0 9 800
1F 0 0 9 800
20 0 0 9 800
21 0 0 9 800
22 0 0 9 800
23 0 0 9 800
24 0 0 9 800
25 0 0 9 800
26 0 0 9 800
27 0 0 9 800
28 0 0 9 800
29 0 0 9 800
2A 0 0 9 800
2B 0 0 9 800
2C 0 0 9 800
2D 0 0 9 800
2E 0 0 9 800
2F 0 0 9 800
30 0 0 9 800
31 0 0 9 800
32 0 0 9 800
33 0 0 9 800
34 0 0 9 800
35 0 0 9 800
36 0 0 9 800
37 0 0 9 800
38 0 0 9 800
39 0 0 9 800
3A 0 0 9 800
3B 0 0 9 800
3C 0 0 9 800
3D 0 0 9 800
3E 0 0 9 800
3F 0 0 9 800
40 0 0 9 800
41 0 0 9 800
42 0 0 9 800
43 0 0 9 800
44 0 0 9 800
45 0 0 9 800
46 0 0 9 800
47 0 0 9 800
48 0 0 9 800
49 0 0 9 800
4A 0 0 9 800
4B 0 0 9 800
4C 0 0 9 800
4D 0 0 9 800
4E 0 0 9 800
4F 0 0 9 800
50 0 0 9 800
51 0 0 9 800
52 0 0 9 800
53 0 0 9 800
54 0 0 9 800
55 0 0 9 800
56 0 0 9 800
57 0 0 9 800
58 0 0 9 800
59 0 0 9 800
5A 0 0 9 800
5B 0 0 9 800
5C 0 0 9 800
5D 0 0 9 800
5E 0 0 9 800
5F 0 0 9 800
60 0 0 9 800
61 0 0 9 800
62 0 0 9 800
63 0 0 9 800
64 0 0 9 800
65 0 0 9 800
66 0 0 9 800
67 0 0 9 800
68 0 0 9 800
69 0 0 9 800
6A 0 0 9 800
6B 0 0 9 800
6C 0 0 9 800
6D 0 0 9 800
6E 0 0 9 800
6F 0 0 9 800
70 0 0 9 800
71 0 0 9 800
72 0 0 9 800
73 0 0 9 800
74 0 0 9 800
75 0 0 9 800
76 0 0 9 800
77 0 0 9 800
78 0 0 9 800
79 0 0 9 800
7A 0 0 9 800
7B 0 0 9 800
7C 0 0 9 800
7D 0 0 9 800
7E 0 0 9 800
7F 0 0 9 800
80 0 0 9 800
81 0 0 9 800
82 0 0 9 800
83 0 0 9 800
84 0 0 9 800
85 0 0 9 800
86 0 0 9 800
87 0 0 9 800
88 0 0 9 800
89 0 0 9 800
8A 0 0 9 800
8B 0 0 9 800
8C 0 0 9 800
8D 0 0 9 800
8E 0 0 9 800
8F 0 0 9 800
90 0 0 9 800
91 0 0 9 800
92 0 0 9 800
93 0 0 9 800
94 0 0 9 800
95 0 0 9 800
96 0 0 9 800
97 0 0 9 800
98 0 0 9 800
99 0 0 9 800
9A 0 0 9 800
9B 0 0 9 800
9C 0 0 9 800
9D 0 0 9 800
9E 0 0 9 800
9F 0 0 9 800
A0 0 0 9 800
A1 0 0 9 800
A2 0 0 9 800
A3 0 0 9 800
A4 0 0 9 800
A5 0 0 9 800
A6 0 0 9 800
A7 0 0 9 800
A8 0 0 9 800
A9 0 0 9 800
AA 0 0 9 800
AB 0 0 9 800
AC 0 0 9 800
AD 0 0 9 800
AE 0 0 9 800
AF 0 0 9 800
B0 0 0 9 800
B1 0 0 9 800
B2 0 0 9 800
B3 0 0 9 800
B4 0 0 9 800
B5 0 0 9 800
B6 0 0 9 800
B7 0 0 9 800
B8 0 0 9 800
B9 0 0 9 800
BA 0 0 9 800
BB 0 0 9 800
BC 0 0 9 800
BD 0 0 9 800
BE 0 0 9 800
BF 0 0 9 800
C0 0 0 9 800
C1 0 0 9 800
C2 0 0 9 800
C3 0 0 9 800
C4 0 0 9 800
C5 0 0 9 800
C6 0 0 9 800
C7 0 0 9 800
C8 0 0 9 800
C9 0 0 9 800
CA 0 0 9 800
CB 0 0 9 800
CC 0 0 9 800
CD 0 0 9 800
CE 0 0 9 800
CF 0 0 9 800
D0 0 0 9 800
D1 0 0 9 800
D2 0 0 9 800
D3 0 0 9 800
D4 0 0 9 800
D5 0 0 9 800
D6 0 0 9 800
D7 0 0 9 800
D8 0 0 9 800
D9 0 0 9 800
DA 0 0 9 800
DB 0 0 9 800
DC 0 0 9 800
DD 0 0 9 800
DE 0 0 9 800
DF 0 0 9 800
E0 0 0 9 800
E1 0 0 9 800
E2 0 0 9 800
E3 0 0 9 800
E4 0 0 9 800
E5 0 0 9 800
E6 0 0 9 800
E7 0 0 9 800
E8 0 0 9 800
E9 0 0 9 800
EA 0 0 9 800
EB 0 0 9 800
EC 0 0 9 800
ED 0 0 9 800
EE 0 0 9 800
EF 0 0 9 800
F0 0 0 9 800
F1 0 0 9 800
F2 0 0 9 800
F3 0 0 9 800
F4 0 0 9 800
F5 0 0 9 800
F6 0 0 9 800
F7 0 0 9 800
F8 0 0 9 800
F9 0 0 9 800
FA 0 0 9 800
00 0 0 9 800
01 0 0 9 800
02 0 0 9 800
03 0 0 9 800
04 0 0 9 800
05 0 0 9 800
06 0 0 9 800
07 0 0 9 800
08 0 0 9 800
09 0 0 9 800
0A 0 0 9 800
0B 0 0 9 800
0C 0 0 9 800
0D 0 0 9 800
0E 0 0 9 800
0F 0 0 9 800
10 0 0 9 800
11 0 0 9 800
12 0 0 9 800
13 0 0 9 800
14 0 0 9 800
15 0 0 9 800
16 0 0 9 800
17 0 0 9 800
18 0 0 9 800
19 0 0 9 800
1A 0 0 9 800
1B 0 0 9 800
1C 0 0 9 800
1D 0 0 9 800
1E 0 0 9 800
1F 0 0 9 800
20 0 0 9 800
21 0 0 9 800
22 0 0 9 800
23 0 0 9 800
24 0 0 9 800
25 0 0 9 800
26 0 0 9 800
27 0 0 9 800
28 0 0 9 800
29 0 0 9 800
2A 0 0 9 800
2B 0 0 9 800
2C 0 0 9 800
2D 0 0 9 800
2E 0 0 9 800
2F 0 0 9 800
30 0 0 9 800
31 0 0 9 800
32 0 0 9 800
33 0 0 9 800
34 0 0 9 800
35 0 0 9 800
36 0 0 9 800
37 0 0 9 800
38 0 0 9 800
39 0 0 9 800
3A 0 0 9 800
3B 0 0 9 800
3C 0 0 9 800
3D 0 0 9 800
3E 0 0 9 800
3F 0 0 9 800
40 0 0 9 800
41 0 0 9 800
42 0 0 9 800
43 0 0 9 800
44 0 0 9 800
45 0 0 9 800
46 0 0 9 800
47 0 0 9 800
48 0 0 9 800
49 0 0 9 800
4A 0 0 9 800
4B 0 0 9 800
4C 0 0 9 800
4D 0 0 9 800
4E 0 0 9 800
4F 0 0 9 800
50 0 0 9 800
51 0 0 9 800
52 0 0 9 800
53 0 0 9 800
54 0 0 9 800
55 0 0 9 800
56 0 0 9 800
57 0 0 9 800
58 0 0 9 800
59 0 0 9 800
5A 0 0 9 800
5B 0 0 9 800
5C 0 0 9 800
5D 0 0 9 800
5E 0 0 9 800
5F 0 0 9 800
60 0 0 9 800
61 0 0 9 800
62 0 0 9 800
63 0 0 9 800
64 0 0 9 800
65 0 0 9 800
66 0 0 9 800
67 0 0 9 800
68 0 0 9 800
69 0 0 9 800
6A 0 0 9 800
6B 0 0 9 800
6C 0 0 9 800
6D 0 0 9 800
6E 0 0 9 800
6F 0 0 9 800
70 0 0 9 800
71 0 0 9 800
72 0 0 9 800
73 0 0 9 800
74 0 0 9 800
75 0 0 9 800
76 0 0 9 800
77 0 0 9 800
78 0 0 9 800
79 0 0 9 800
7A 0 0 9 800
7B 0 0 9 800
7C 0 0 9 800
7D 0 0 9 800
7E 0 0 9 800
7F 0 0 9 800
80 0 0 9 800
81 0 0 9 800
82 0 0 9 800
83 0 0 9 800
84 0 0 9 800
85 0 0 9 800
86 0 0 9 800
87 0 0 9 800
88 0 0 9 800
89 0 0 9 800
8A 0 0 9 800
8B 0 0 9 800
8C 0 0 9 800
8D 0 0 9 800
8E 0 0 9 800
8F 0 0 9 800
90 0 0 9 800
91 0 0 9 800
92 0 0 9 800
93 0 0 9 800
94 0 0 9 800
95 0 0 9 800
96 0 0 9 800
97 0 0 9 800
98 0 0 9 800
99 0 0 9 800
9A 0 0 9 800
9B 0 0 9 800
9C 0 0 9 800
9D 0 0 9 800
9E 0 0 9 800
9F 0 0 9 800
A0 0 0 9 800
A1 0 0 9 800
A2 0 0 9 800
A3 0 0 9 800
A4 0 0 9 800
A5 0 0 9 800
A6 0 0 9 800
A7 0 0 9 800
A8 0 0 9 800
A9 0 0 9 800
AA 0 0 9 800
AB 0 0 9 800
AC 0 0 9 800
AD 0 0 9 800
AE 0 0 9 800
AF 0 0 9 800
B0 0 0 9 800
B1 0 0 9 800
B2 0 0 9 800
B3 0 0 9 800
B4 0 0 9 800
B5 0 0 9 800
B6 0 0 9 800
B7 0 0 9 800
B8 0 0 9 800
B9 0 0 9 800
BA 0 0 9 800
BB 0 0 9 800
BC 0 0 9 800
BD 0 0 9 800
BE 0 0 9 800
BF 0 0 9 800
C0 0 0 9 800
C1 0 0 9 800
C2 0 0 9 800
C3 0 0 9 800
C4 0 0 9 800
C5 0 0 9 800
C6 0 0 9 800
C7 0 0 9 800
C8 0 0 9 800
C9 0 0 9 800
CA 0 0 9 800
CB 0 0 9 800
CC 0 0 9 800
CD 0 0 9 800
CE 0 0 9 800
CF 0 0 9 800
D0 0 0 9 800
D1 0 0 9 800
D2 0 0 9 800
D3 0 0 9 800
D4 0 0 9 800
D5 0 0 9 800
D6 0 0 9 800
D7 0 0 9 800
D8 0 0 9 800
D9 0 0 9 800
DA 0 0 9 800
DB 0 0 9 800
DC 0 0 9 800
DD 0 0 9 800
DE 0 0 9 800
DF 0 0 9 800
E0 0 0 9 800
E1 0 0 9 800
E2 0 0 9 800
E3 0 0 9 800
E4 0 0 9 800
E5 0 0 9 800
E6 0 0 9 800
E7 0 0 9 800
E8 0 0 9 800
E9 0 0 9 800
EA 0 0 9 800
EB 0 0 9 800
EC 0 0 9 800
ED 0 0 9 800
EE 0 0 9 800
EF 0 0 9 800
F0 0 0 9 800
F1 0 0 9 800
F2 0 0 9 800
F3 0 0 9 800
F4 0 0 9 800
F5 0 0 9 800
F6 0 0 9 800
F7 0 0 9 800
F8 0 0 9 800
F9 0 0 9 800
FA 0 0 9 800
00 0 0 9 800
01 0 0 9 800
02 0 0 9 800
03 0 0 9 800
04 0 0 9 800
05 0 0 9 800
06 0 0 9 800
07 0 0 9 800
08 0 0 9 800
09 0 0 9 800
0A 0 0 9 800
0B 0 0 9 800
0C 0 0 9 800
0D 0 0 9 800
0E 0 0 9 800
0F 0 0 9 800
10 0 0 9 800
11 0 0 9 800
12 1 1 9 800
00 0 0 10 1350
0A 0 0 10 1350
35 0 0 10 1350
01 0 0 10 1350
02 0 0 10 1350
03 0 0 10 1350
DE 0 0 10 1350
AD 0 0 10 1350
BE 0 0 10 1350
EF 0 0 10 1350
00 0 0 10 1350
01 0 0 10 1350
08 0 0 10 1350
00 0 0 10 1350
0A 0 0 10 1350
0B 0 0 10 1350
0C 0 0 10 1350
0D 0 0 10 1350
0E 0 0 10 1350
0F 0 0 10 1350
10 0 0 10 1350
11 0 0 10 1350
12 0 0 10 1350
13 0 0 10 1350
14 0 0 10 1350
15 0 0 10 1350
16 0 0 10 1350
17 0 0 10 1350
18 0 0 10 1350
19 0 0 10 1350
1A 0 0 10 1350
1B 0 0 10 1350
1C 0 0 10 1350
1D 0 0 10 1350
1E 0 0 10 1350
1F 0 0 10 1350
20 0 0 10 1350
21 0 0 10 1350
22 0 0 10 1350
23 0 0 10 1350
24 0 0 10 1350
25 0 0 10 1350
26 0 0 10 1350
27 0 0 10 1350
28 0 0 10 1350
29 0 0 10 1350
2A 0 0 10 1350
2B 0 0 10 1350
2C 0 0 10 1350
2D 0 0 10 1350
2E 0 0 10 1350
2F 0 0 10 1350
30 0 0 10 1350
31 0 0 10 1350
32 0 0 10 1350
33 0 0 10 1350
34 0 0 10 1350
35 0 0 10 1350
36 0 0 10 1350
37 0 0 10 1350
38 0 0 10 1350
39 0 0 10 1350
3A 0 0 10 1350
3B 0 0 10 1350
3C 0 0 10 1350
3D 0 0 10 1350
3E 0 0 10 1350
3F 0 0 10 1350
40 0 0 10 1350
41 0 0 10 1350
42 0 0 10 1350
43 0 0 10 1350
44 0 0 10 1350
45 0 0 10 1350
46 0 0 10 1350
47 0 0 10 1350
48 0 0 10 1350
49 0 0 10 1350
4A 0 0 10 1350
4B 0 0 10 1350
4C 0 0 10 1350
4D 0 0 10 1350
4E 0 0 10 1350
4F 0 0 10 1350
50 0 0 10 1350
51 0 0 10 1350
52 0 0 10 1350
53 0 0 10 1350
54 0 0 10 1350
55 0 0 10 1350
56 0 0 10 1350
57 0 0 10 1350
58 0 0 10 1350
59 0 0 10 1350
5A 0 0 10 1350
5B 0 0 10 1350
5C 0 0 10 1350
5D 0 0 10 1350
5E 0 0 10 1350
5F 0 0 10 1350
60 0 0 10 1350
61 0 0 10 1350
62 0 0 10 1350
63 0 0 10 1350
64 0 0 10 1350
65 0 0 10 1350
66 0 0 10 1350
67 0 0 10 1350
68 0 0 10 1350
69 0 0 10 1350
6A 0 0 10 1350
6B 0 0 10 1350
6C 0 0 10 1350
6D 0 0 10 1350
6E 0 0 10 1350
6F 0 0 10 1350
70 0 0 10 1350
71 0 0 10 1350
72 0 0 10 1350
73 0 0 10 1350
74 0 0 10 1350
75 0 0 10 1350
76 0 0 10 1350
77 0 0 10 1350
78 0 0 10 1350
79 0 0 10 1350
7A 0 0 10 1350
7B 0 0 10 1350
7C 0 0 10 1350
7D 0 0 10 1350
7E 0 0 10 1350
7F 0 0 10 1350
80 0 0 10 1350
81 0 0 10 1350
82 0 0 10 1350
83 0 0 10 1350
84 0 0 10 1350
85 0 0 10 1350
86 0 0 10 1350
87 0 0 10 1350
88 0 0 10 1350
89 0 0 10 1350
8A 0 0 10 1350
8B 0 0 10 1350
8C 0 0 10 1350
8D 0 0 10 1350
8E 0 0 10 1350
8F 0 0 10 1350
90 0 0 10 1350
91 0 0 10 1350
92 0 0 10 1350
93 0 0 10 1350
94 0 0 10 1350
95 0 0 10 1350
96 0 0 10 1350
97 0 0 10 1350
98 0 0 10 1350
99 0 0 10 1350
9A 0 0 10 1350
9B 0 0 10 1350
9C 0 0 10 1350
9D 0 0 10 1350
9E 0 0 10 1350
9F 0 0 10 1350
A0 0 0 10 1350
A1 0 0 10 1350
A2 0 0 10 1350
A3 0 0 10 1350
A4 0 0 10 1350
A5 0 0 10 1350
A6 0 0 10 1350
A7 0 0 10 1350
A8 0 0 10 1350
A9 0 0 10 1350
AA 0 0 10 1350
AB 0 0 10 1350
AC 0 0 10 1350
AD 0 0 10 1350
AE 0 0 10 1350
AF 0 0 10 1350
B0 0 0 10 1350
B1 0 0 10 1350
B2 0 0 10 1350
B3 0 0 10 1350
B4 0 0 10 1350
B5 0 0 10 1350
B6 0 0 10 1350
B7 0 0 10 1350
B8 0 0 10 1350
B9 0 0 10 1350
BA 0 0 10 1350
BB 0 0 10 1350
BC 0 0 10 1350
BD 0 0 10 1350
BE 0 0 10 1350
BF 0 0 10 1350
C0 0 0 10 1350
C1 0 0 10 1350
C2 0 0 10 1350
C3 0 0 10 1350
C4 0 0 10 1350
C5 0 0 10 1350
C6 0 0 10 1350
C7 0 0 10 1350
C8 0 0 10 1350
C9 0 0 10 1350
CA 0 0 10 1350
CB 0 0 10 1350
CC 0 0 10 1350
CD 0 0 10 1350
CE 0 0 10 1350
CF 0 0 10 1350
D0 0 0 10 1350
D1 0 0 10 1350
D2 0 0 10 1350
D3 0 0 10 1350
D4 0 0 10 1350
D5 0 0 10 1350
D6 0 0 10 1350
D7 0 0 10 1350
D8 0 0 10 1350
D9 0 0 10 1350
DA 0 0 10 1350
DB 0 0 10 1350
DC 0 0 10 1350
DD 0 0 10 1350
DE 0 0 10 1350
DF 0 0 10 1350
E0 0 0 10 1350
E1 0 0 10 1350
E2 0 0 10 1350
E3 0 0 10 1350
E4 0 0 10 1350
E5 0 0 10 1350
E6 0 0 10 1350
E7 0 0 10 1350
E8 0 0 10 1350
E9 0 0 10 1350
EA 0 0 10 1350
EB 0 0 10 1350
EC 0 0 10 1350
ED 0 0 10 1350
EE 0 0 10 1350
EF 0 0 10 1350
F0 0 0 10 1350
F1 0 0 10 1350
F2 0 0 10 1350
F3 0 0 10 1350
F4 0 0 10 1350
F5 0 0 10 1350
F6 0 0 10 1350
F7 0 0 10 1350
F8 0 0 10 1350
F9 0 0 10 1350
FA 0 0 10 1350
00 0 0 10 1350
01 0 0 10 1350
02 0 0 10 1350
03 0 0 10 1350
04 0 0 10 1350
05 0 0 10 1350
06 0 0 10 1350
07 0 0 10 1350
08 0 0 10 1350
09 0 0 10 1350
0A 0 0 10 1350
0B 0 0 10 1350
0C 0 0 10 1350
0D 0 0 10 1350
0E 0 0 10 1350
0F 0 0 10 1350
10 0 0 10 1350
11 0 0 10 1350
12 0 0 10 1350
13 0 0 10 1350
14 0 0 10 1350
15 0 0 10 1350
16 0 0 10 1350
17 0 0 10 1350
18 0 0 10 1350
19 0 0 10 1350
1A 0 0 10 1350
1B 0 0 10 1350
1C 0 0 10 1350
1D 0 0 10 1350
1E 0 0 10 1350
1F 0 0 10 1350
20 0 0 10 1350
21 0 0 10 1350
22 0 0 10 1350
23 0 0 10 1350
24 0 0 10 1350
25 0 0 10 1350
26 0 0 10 1350
27 0 0 10 1350
28 0 0 10 1350
29 0 0 10 1350
2A 0 0 10 1350
2B 0 0 10 1350
2C 0 0 10 1350
2D 0 0 10 1350
2E 0 0 10 1350
2F 0 0 10 1350
30 0 0 10 1350
31 0 0 10 1350
32 0 0 10 1350
33 0 0 10 1350
34 0 0 10 1350
35 0 0 10 1350
36 0 0 10 1350
37 0 0 10 1350
38 0 0 10 1350
39 0 0 10 1350
3A 0 0 10 1350
3B 0 0 10 1350
3C 0 0 10 1350
3D 0 0 10 1350
3E 0 0 10 1350
3F 0 0 10 1350
40 0 0 10 1350
41 0 0 10 1350
42 0 0 10 1350
43 0 0 10 1350
44 0 0 10 1350
45 0 0 10 1350
46 0 0 10 1350
47 0 0 10 1350
48 0 0 10 1350
59 0 0 10 1350
4A 0 0 10 1350
4B 0 0 10 1350
4C 0 0 10 1350
4D 0 0 10 1350
4E 0 0 10 1350
4F 0 0 10 1350
50 0 0 10 1350
51 0 0 10 1350
52 0 0 10 1350
53 0 0 10 1350
54 0 0 10 1350
55 0 0 10 1350
56 0 0 10 1350
57 0 0 10 1350
58 0 0 10 1350
59 0 0 10 1350
5A 0 0 10 1350
5B 0 0 10 1350
5C 0 0 10 1350
5D 0 0 10 1350
5E 0 0 10 1350
5F 0 0 10 1350
60 0 0 10 1350
61 0 0 10 1350
62 0 0 10 1350
63 0 0 10 1350
64 0 0 10 1350
65 0 0 10 1350
66 0 0 10 1350
67 0 0 10 1350
68 0 0 10 1350
69 0 0 10 1350
6A 0 0 10 1350
6B 0 0 10 1350
6C 0 0 10 1350
6D 0 0 10 1350
6E 0 0 10 1350
6F 0 0 10 1350
70 0 0 10 1350
71 0 0 10 1350
72 0 0 10 1350
73 0 0 10 1350
74 0 0 10 1350
75 0 0 10 1350
76 0 0 10 1350
77 0 0 10 1350
78 0 0 10 1350
79 0 0 10 1350
7A 0 0 10 1350
7B 0 0 10 1350
7C 0 0 10 1350
7D 0 0 10 1350
7E 0 0 10 1350
7F 0 0 10 1350
80 0 0 10 1350
81 0 0 10 1350
82 0 0 10 1350
83 0 0 10 1350
84 0 0 10 1350
85 0 0 10 1350
86 0 0 10 1350
87 0 0 10 1350
88 0 0 10 1350
89 0 0 10 1350
8A 0 0 10 1350
8B 0 0 10 1350
8C 0 0 10 1350
8D 0 0 10 1350
8E 0 0 10 1350
8F 0 0 10 1350
90 0 0 10 1350
91 0 0 10 1350
92 0 0 10 1350
93 0 0 10 1350
94 0 0 10 1350
95 0 0 10 1350
96 0 0 10 1350
97 0 0 10 1350
98 0 0 10 1350
99 0 0 10 1350
9A 0 0 10 1350
9B 0 0 10 1350
9C 0 0 10 1350
9D 0 0 10 1350
9E 0 0 10 1350
9F 0 0 10 1350
A0 0 0 10 1350
A1 0 0 10 1350
A2 0 0 10 1350
A3 0 0 10 1350
A4 0 0 10 1350
A5 0 0 10 1350
A6 0 0 10 1350
A7 0 0 10 1350
A8 0 0 10 1350
A9 0 0 10 1350
AA 0 0 10 1350
AB 0 0 10 1350
AC 0 0 10 1350
AD 0 0 10 1350
AE 0 0 10 1350
AF 0 0 10 1350
B0 0 0 10 1350
B1 0 0 10 1350
B2 0 0 10 1350
B3 0 0 10 1350
B4 0 0 10 1350
B5 0 0 10 1350
B6 0 0 10 1350
B7 0 0 10 1350
B8 0 0 10 1350
B9 0 0 10 1350
BA 0 0 10 1350
BB 0 0 10 1350
BC 0 0 10 1350
BD 0 0 10 1350
BE 0 0 10 1350
BF 0 0 10 1350
C0 0 0 10 1350
C1 0 0 10 1350
C2 0 0 10 1350
C3 0 0 10 1350
C4 0 0 10 1350
C5 0 0 10 1350
C6 0 0 10 1350
C7 0 0 10 1350
C8 0 0 10 1350
C9 0 0 10 1350
CA 0 0 10 1350
CB 0 0 10 1350
CC 0 0 10 1350
CD 0 0 10 1350
CE 0 0 10 1350
CF 0 0 10 1350
D0 0 0 10 1350
D1 0 0 10 1350
D2 0 0 10 1350
D3 0 0 10 1350
D4 0 0 10 1350
D5 0 0 10 1350
D6 0 0 10 1350
D7 0 0 10 1350
D8 0 0 10 1350
D9 0 0 10 1350
DA 0 0 10 1350
DB 0 0 10 1350
DC 0 0 10 1350
DD 0 0 10 1350
DE 0 0 10 1350
DF 0 0 10 1350
E0 0 0 10 1350
E1 0 0 10 1350
E2 0 0 10 1350
E3 0 0 10 1350
E4 0 0 10 1350
E5 0 0 10 1350
E6 0 0 10 1350
E7 0 0 10 1350
E8 0 0 10 1350
E9 0 0 10 1350
EA 0 0 10 1350
EB 0 0 10 1350
EC 0 0 10 1350
ED 0 0 10 1350
EE 0 0 10 1350
EF 0 0 10 1350
F0 0 0 10 1350
F1 0 0 10 1350
F2 0 0 10 1350
F3 0 0 10 1350
F4 0 0 10 1350
F5 0 0 10 1350
F6 0 0 10 1350
F7 0 0 10 1350
F8 0 0 10 1350
F9 0 0 10 1350
FA 0 0 10 1350
00 0 0 10 1350
01 0 0 10 1350
02 0 0 10 1350
03 0 0 10 1350
04 0 0 10 1350
05 0 0 10 1350
06 0 0 10 1350
07 0 0 10 1350
08 0 0 10 1350
09 0 0 10 1350
0A 0 0 10 1350
0B 0 0 10 1350
0C 0 0 10 1350
0D 0 0 10 1350
0E 0 0 10 1350
0F 0 0 10 1350
10 0 0 10 1350
11 0 0 10 1350
12 0 0 10 1350
13 0 0 10 1350
14 0 0 10 1350
15 0 0 10 1350
16 0 0 10 1350
17 0 0 10 1350
18 0 0 10 1350
19 0 0 10 1350
1A 0 0 10 1350
1B 0 0 10 1350
1C 0 0 10 1350
1D 0 0 10 1350
1E 0 0 10 1350
1F 0 0 10 1350
20 0 0 10 1350
21 0 0 10 1350
22 0 0 10 1350
23 0 0 10 1350
24 0 0 10 1350
25 0 0 10 1350
26 0 0 10 1350
27 0 0 10 1350
28 0 0 10 1350
29 0 0 10 1350
2A 0 0 10 1350
2B 0 0 10 1350
2C 0 0 10 1350
2D 0 0 10 1350
2E 0 0 10 1350
2F 0 0 10 1350
30 0 0 10 1350
31 0 0 10 1350
32 0 0 10 1350
33 0 0 10 1350
34 0 0 10 1350
35 0 0 10 1350
36 0 0 10 1350
37 0 0 10 1350
38 0 0 10 1350
39 0 0 10 1350
3A 0 0 10 1350
3B 0 0 10 1350
3C 0 0 10 1350
3D 0 0 10 1350
3E 0 0 10 1350
3F 0 0 10 1350
40 0 0 10 1350
41 0 0 10 1350
42 0 0 10 1350
43 0 0 10 1350
44 0 0 10 1350
45 0 0 10 1350
46 0 0 10 1350
47 0 0 10 1350
48 0 0 10 1350
49 0 0 10 1350
4A 0 0 10 1350
4B 0 0 10 1350
4C 0 0 10 1350
4D 0 0 10 1350
4E 0 0 10 1350
4F 0 0 10 1350
50 0 0 10 1350
51 0 0 10 1350
52 0 0 10 1350
53 0 0 10 1350
54 0 0 10 1350
55 0 0 10 1350
56 0 0 10 1350
57 0 0 10 1350
58 0 0 10 1350
59 0 0 10 1350
5A 0 0 10 1350
5B 0 0 10 1350
5C 0 0 10 1350
5D 0 0 10 1350
5E 0 0 10 1350
5F 0 0 10 1350
60 0 0 10 1350
61 0 0 10 1350
62 0 0 10 1350
63 0 0 10 1350
64 0 0 10 1350
65 0 0 10 1350
66 0 0 10 1350
67 0 0 10 1350
68 0 0 10 1350
69 0 0 10 1350
6A 0 0 10 1350
6B 0 0 10 1350
6C 0 0 10 1350
6D 0 0 10 1350
6E 0 0 10 1350
6F 0 0 10 1350
70 0 0 10 1350
71 0 0 10 1350
72 0 0 10 1350
73 0 0 10 1350
74 0 0 10 1350
75 0 0 10 1350
76 0 0 10 1350
77 0 0 10 1350
78 0 0 10 1350
79 0 0 10 1350
7A 0 0 10 1350
7B 0 0 10 1350
7C 0 0 10 1350
7D 0 0 10 1350
7E 0 0 10 1350
7F 0 0 10 1350
80 0 0 10 1350
81 0 0 10 1350
82 0 0 10 1350
83 0 0 10 1350
84 0 0 10 1350
85 0 0 10 1350
86 0 0 10 1350
87 0 0 10 1350
88 0 0 10 1350
89 0 0 10 1350
8A 0 0 10 1350
8B 0 0 10 1350
8C 0 0 10 1350
8D 0 0 10 1350
8E 0 0 10 1350
8F 0 0 10 1350
90 0 0 10 1350
91 0 0 10 1350
92 0 0 10 1350
93 0 0 10 1350
94 0 0 10 1350
95 0 0 10 1350
96 0 0 10 1350
97 0 0 10 1350
98 0 0 10 1350
99 0 0 10 1350
9A 0 0 10 1350
9B 0 0 10 1350
9C 0 0 10 1350
9D 0 0 10 1350
9E 0 0 10 1350
9F 0 0 10 1350
A0 0 0 10 1350
A1 0 0 10 1350
A2 0 0 10 1350
A3 0 0 10 1350
A4 0 0 10 1350
A5 0 0 10 1350
A6 0 0 10 1350
A7 0 0 10 1350
A8 0 0 10 1350
A9 0 0 10 1350
AA 0 0 10 1350
AB 0 0 10 1350
AC 0 0 10 1350
AD 0 0 10 1350
AE 0 0 10 1350
AF 0 0 10 1350
B0 0 0 10 1350
B1 0 0 10 1350
B2 0 0 10 1350
B3 0 0 10 1350
B4 0 0 10 1350
B5 0 0 10 1350
B6 0 0 10 1350
B7 0 0 10 1350
B8 0 0 10 1350
B9 0 0 10 1350
BA 0 0 10 1350
BB 0 0 10 1350
BC 0 0 10 1350
BD 0 0 10 1350
BE 0 0 10 1350
BF 0 0 10 1350
C0 0 0 10 1350
C1 0 0 10 1350
C2 0 0 10 1350
C3 0 0 10 1350
C4 0 0 10 1350
C5 0 0 10 1350
C6 0 0 10 1350
C7 0 0 10 1350
C8 0 0 10 1350
C9 0 0 10 1350
CA 0 0 10 1350
CB 0 0 10 1350
CC 0 0 10 1350
CD 0 0 10 1350
CE 0 0 10 1350
CF 0 0 10 1350
D0 0 0 10 1350
D1 0 0 10 1350
D2 0 0 10 1350
D3 0 0 10 1350
D4 0 0 10 1350
D5 0 0 10 1350
D6 0 0 10 1350
D7 0 0 10 1350
D8 0 0 10 1350
D9 0 0 10 1350
DA 0 0 10 1350
DB 0 0 10 1350
DC 0 0 10 1350
DD 0 0 10 1350
DE 0 0 10 1350
DF 0 0 10 1350
E0 0 0 10 1350
E1 0 0 10 1350
E2 0 0 10 1350
E3 0 0 10 1350
E4 0 0 10 1350
E5 0 0 10 1350
E6 0 0 10 1350
E7 0 0 10 1350
E8 0 0 10 1350
E9 0 0 10 1350
EA 0 0 10 1350
EB 0 0 10 1350
EC 0 0 10 1350
ED 0 0 10 1350
EE 0 0 10 1350
EF 0 0 10 1350
F0 0 0 10 1350
F1 0 0 10 1350
F2 0 0 10 1350
F3 0 0 10 1350
F4 0 0 10 1350
F5 0 0 10 1350
F6 0 0 10 1350
F7 0 0 10 1350
F8 0 0 10 1350
F9 0 0 10 1350
FA 0 0 10 1350
00 0 0 10 1350
01 0 0 10 1350
02 0 0 10 1350
03 0 0 10 1350
04 0 0 10 1350
05 0 0 10 1350
06 0 0 10 1350
07 0 0 10 1350
08 0 0 10 1350
09 0 0 10 1350
0A 0 0 10 1350
0B 0 0 10 1350
0C 0 0 10 1350
0D 0 0 10 1350
0E 0 0 10 1350
0F 0 0 10 1350
10 0 0 10 1350
11 0 0 10 1350
12 0 0 10 1350
13 0 0 10 1350
14 0 0 10 1350
15 0 0 10 1350
16 0 0 10 1350
17 0 0 10 1350
18 0 0 10 1350
19 0 0 10 1350
1A 0 0 10 1350
1B 0 0 10 1350
1C 0 0 10 1350
1D 0 0 10 1350
1E 0 0 10 1350
1F 0 0 10 1350
20 0 0 10 1350
21 0 0 10 1350
22 0 0 10 1350
23 0 0 10 1350
24 0 0 10 1350
25 0 0 10 1350
26 0 0 10 1350
27 0 0 10 1350
28 0 0 10 1350
29 0 0 10 1350
2A 0 0 10 1350
2B 0 0 10 1350
2C 0 0 10 1350
2D 0 0 10 1350
2E 0 0 10 1350
2F 0 0 10 1350
30 0 0 10 1350
31 0 0 10 1350
32 0 0 10 1350
33 0 0 10 1350
34 0 0 10 1350
35 0 0 10 1350
36 0 0 10 1350
37 0 0 10 1350
38 0 0 10 1350
39 0 0 10 1350
3A 0 0 10 1350
3B 0 0 10 1350
3C 0 0 10 1350
3D 0 0 10 1350
3E 0 0 10 1350
3F 0 0 10 1350
40 0 0 10 1350
41 0 0 10 1350
42 0 0 10 1350
43 0 0 10 1350
44 0 0 10 1350
45 0 0 10 1350
46 0 0 10 1350
47 0 0 10 1350
48 0 0 10 1350
49 0 0 10 1350
4A 0 0 10 1350
4B 0 0 10 1350
4C 0 0 10 1350
4D 0 0 10 1350
4E 0 0 10 1350
4F 0 0 10 1350
50 0 0 10 1350
51 0 0 10 1350
52 0 0 10 1350
53 0 0 10 1350
54 0 0 10 1350
55 0 0 10 1350
56 0 0 10 1350
57 0 0 10 1350
58 0 0 10 1350
59 0 0 10 1350
5A 0 0 10 1350
5B 0 0 10 1350
5C 0 0 10 1350
5D 0 0 10 1350
5E 0 0 10 1350
5F 0 0 10 1350
60 0 0 10 1350
61 0 0 10 1350
62 0 0 10 1350
63 0 0 10 1350
64 0 0 10 1350
65 0 0 10 1350
66 0 0 10 1350
67 0 0 10 1350
68 0 0 10 1350
69 0 0 10 1350
6A 0 0 10 1350
6B 0 0 10 1350
6C 0 0 10 1350
6D 0 0 10 1350
6E 0 0 10 1350
6F 0 0 10 1350
70 0 0 10 1350
71 0 0 10 1350
72 0 0 10 1350
73 0 0 10 1350
74 0 0 10 1350
75 0 0 10 1350
76 0 0 10 1350
77 0 0 10 1350
78 0 0 10 1350
79 0 0 10 1350
7A 0 0 10 1350
7B 0 0 10 1350
7C 0 0 10 1350
7D 0 0 10 1350
7E 0 0 10 1350
7F 0 0 10 1350
80 0 0 10 1350
81 0 0 10 1350
82 0 0 10 1350
83 0 0 10 1350
84 0 0 10 1350
85 0 0 10 1350
86 0 0 10 1350
87 0 0 10 1350
88 0 0 10 1350
89 0 0 10 1350
8A 0 0 10 1350
8B 0 0 10 1350
8C 0 0 10 1350
8D 0 0 10 1350
8E 0 0 10 1350
8F 0 0 10 1350
90 0 0 10 1350
91 0 0 10 1350
92 0 0 10 1350
93 0 0 10 1350
94 0 0 10 1350
95 0 0 10 1350
96 0 0 10 1350
97 0 0 10 1350
98 0 0 10 1350
99 0 0 10 1350
9A 0 0 10 1350
9B 0 0 10 1350
9C 0 0 10 1350
9D 0 0 10 1350
9E 0 0 10 1350
9F 0 0 10 1350
A0 0 0 10 1350
A1 0 0 10 1350
A2 0 0 10 1350
A3 0 0 10 1350
A4 0 0 10 1350
A5 0 0 10 1350
A6 0 0 10 1350
A7 0 0 10 1350
A8 0 0 10 1350
A9 0 0 10 1350
AA 0 0 10 1350
AB 0 0 10 1350
AC 0 0 10 1350
AD 0 0 10 1350
AE 0 0 10 1350
AF 0 0 10 1350
B0 0 0 10 1350
B1 0 0 10 1350
B2 0 0 10 1350
B3 0 0 10 1350
B4 0 0 10 1350
B5 0 0 10 1350
B6 0 0 10 1350
B7 0 0 10 1350
B8 0 0 10 1350
B9 0 0 10 1350
BA 0 0 10 1350
BB 0 0 10 1350
BC 0 0 10 1350
BD 0 0 10 1350
BE 0 0 10 1350
BF 0 0 10 1350
C0 0 0 10 1350
C1 0 0 10 1350
C2 0 0 10 1350
C3 0 0 10 1350
C4 0 0 10 1350
C5 0 0 10 1350
C6 0 0 10 1350
C7 0 0 10 1350
C8 0 0 10 1350
C9 0 0 10 1350
CA 0 0 10 1350
CB 0 0 10 1350
CC 0 0 10 1350
CD 0 0 10 1350
CE 0 0 10 1350
CF 0 0 10 1350
D0 0 0 10 1350
D1 0 0 10 1350
D2 0 0 10 1350
D3 0 0 10 1350
D4 0 0 10 1350
D5 0 0 10 1350
D6 0 0 10 1350
D7 0 0 10 1350
D8 0 0 10 1350
D9 0 0 10 1350
DA 0 0 10 1350
DB 0 0 10 1350
DC 0 0 10 1350
DD 0 0 10 1350
DE 0 0 10 1350
DF 0 0 10 1350
E0 0 0 10 1350
E1 0 0 10 1350
E2 0 0 10 1350
E3 0 0 10 1350
E4 0 0 10 1350
E5 0 0 10 1350
E6 0 0 10 1350
E7 0 0 10 1350
E8 0 0 10 1350
E9 0 0 10 1350
EA 0 0 10 1350
EB 0 0 10 1350
EC 0 0 10 1350
ED 0 0 10 1350
EE 0 0 10 1350
EF 0 0 10 1350
F0 0 0 10 1350
F1 0 0 10 1350
F2 0 0 10 1350
F3 0 0 10 1350
F4 0 0 10 1350
F5 0 0 10 1350
F6 0 0 10 1350
F7 0 0 10 1350
F8 0 0 10 1350
F9 0 0 10 1350
FA 0 0 10 1350
00 0 0 10 1350
01 0 0 10 1350
02 0 0 10 1350
03 0 0 10 1350
04 0 0 10 1350
05 1 0 10 1350
00 0 0 11 2388
0A 0 0 11 2388
35 0 0 11 2388
01 0 0 11 2388
02 0 0 11 2388
03 0 0 11 2388
DE 0 0 11 2388
AD 0 0 11 2388
BE 0 0 11 2388
EF 0 0 11 2388
00 0 0 11 2388
01 0 0 11 2388
08 0 0 11 2388
00 0 0 11 2388
0B 0 0 11 2388
0C 0 0 11 2388
0D 0 0 11 2388
0E 0 0 11 2388
0F 0 0 11 2388
10 0 0 11 2388
11 0 0 11 2388
12 0 0 11 2388
13 0 0 11 2388
14 0 0 11 2388
15 0 0 11 2388
16 0 0 11 2388
17 0 0 11 2388
18 0 0 11 2388
19 0 0 11 2388
1A 0 0 11 2388
1B 0 0 11 2388
1C 0 0 11 2388
1D 0 0 11 2388
1E 0 0 11 2388
1F 0 0 11 2388
20 0 0 11 2388
21 0 0 11 2388
22 0 0 11 2388
23 0 0 11 2388
24 0 0 11 2388
25 0 0 11 2388
26 0 0 11 2388
27 0 0 11 2388
28 0 0 11 2388
29 0 0 11 2388
2A 0 0 11 2388
2B 0 0 11 2388
2C 0 0 11 2388
2D 0 0 11 2388
2E 0 0 11 2388
2F 0 0 11 2388
30 0 0 11 2388
31 0 0 11 2388
32 0 0 11 2388
33 0 0 11 2388
34 0 0 11 2388
35 0 0 11 2388
36 0 0 11 2388
37 0 0 11 2388
38 0 0 11 2388
39 0 0 11 2388
3A 0 0 11 2388
3B 0 0 11 2388
3C 0 0 11 2388
3D 0 0 11 2388
3E 0 0 11 2388
3F 0 0 11 2388
40 0 0 11 2388
41 0 0 11 2388
42 0 0 11 2388
43 0 0 11 2388
44 0 0 11 2388
45 0 0 11 2388
46 0 0 11 2388
47 0 0 11 2388
48 0 0 11 2388
49 0 0 11 2388
4A 0 0 11 2388
4B 0 0 11 2388
4C 0 0 11 2388
4D 0 0 11 2388
4E 0 0 11 2388
4F 0 0 11 2388
50 0 0 11 2388
51 0 0 11 2388
52 0 0 11 2388
53 0 0 11 2388
54 0 0 11 2388
55 0 0 11 2388
56 0 0 11 2388
57 0 0 11 2388
58 0 0 11 2388
59 0 0 11 2388
5A 0 0 11 2388
5B 0 0 11 2388
5C 0 0 11 2388
5D 0 0 11 2388
5E 0 0 11 2388
5F 0 0 11 2388
60 0 0 11 2388
61 0 0 11 2388
62 0 0 11 2388
63 0 0 11 2388
64 0 0 11 2388
65 0 0 11 2388
66 0 0 11 2388
67 0 0 11 2388
68 0 0 11 2388
69 0 0 11 2388
6A 0 0 11 2388
6B 0 0 11 2388
6C 0 0 11 2388
6D 0 0 11 2388
6E 0 0 11 2388
6F 0 0 11 2388
70 0 0 11 2388
71 0 0 11 2388
72 0 0 11 2388
73 0 0 11 2388
74 0 0 11 2388
75 0 0 11 2388
76 0 0 11 2388
77 0 0 11 2388
78 0 0 11 2388
79 0 0 11 2388
7A 0 0 11 2388
7B 0 0 11 2388
7C 0 0 11 2388
7D 0 0 11 2388
7E 0 0 11 2388
7F 0 0 11 2388
80 0 0 11 2388
81 0 0 11 2388
82 0 0 11 2388
83 0 0 11 2388
84 0 0 11 2388
85 0 0 11 2388
86 0 0 11 2388
87 0 0 11 2388
88 0 0 11 2388
89 0 0 11 2388
8A 0 0 11 2388
8B 0 0 11 2388
8C 0 0 11 2388
8D 0 0 11 2388
8E 0 0 11 2388
8F 0 0 11 2388
90 0 0 11 2388
91 0 0 11 2388
92 0 0 11 2388
93 0 0 11 2388
94 0 0 11 2388
95 0 0 11 2388
96 0 0 11 2388
97 0 0 11 2388
98 0 0 11 2388
99 0 0 11 2388
9A 0 0 11 2388
9B 0 0 11 2388
9C 0 0 11 2388
9D 0 0 11 2388
9E 0 0 11 2388
9F 0 0 11 2388
A0 0 0 11 2388
A1 0 0 11 2388
A2 0 0 11 2388
A3 0 0 11 2388
A4 0 0 11 2388
A5 0 0 11 2388
A6 0 0 11 2388
A7 0 0 11 2388
A8 0 0 11 2388
A9 0 0 11 2388
AA 0 0 11 2388
AB 0 0 11 2388
AC 0 0 11 2388
AD 0 0 11 2388
AE 0 0 11 2388
AF 0 0 11 2388
B0 0 0 11 2388
B1 0 0 11 2388
B2 0 0 11 2388
B3 0 0 11 2388
B4 0 0 11 2388
B5 0 0 11 2388
B6 0 0 11 2388
B7 0 0 11 2388
B8 0 0 11 2388
B9 0 0 11 2388
BA 0 0 11 2388
BB 0 0 11 2388
BC 0 0 11 2388
BD 0 0 11 2388
BE 0 0 11 2388
BF 0 0 11 2388
C0 0 0 11 2388
C1 0 0 11 2388
C2 0 0 11 2388
C3 0 0 11 2388
C4 0 0 11 2388
C5 0 0 11 2388
C6 0 0 11 2388
C7 0 0 11 2388
C8 0 0 11 2388
C9 0 0 11 2388
CA 0 0 11 2388
CB 0 0 11 2388
CC 0 0 11 2388
CD 0 0 11 2388
CE 0 0 11 2388
CF 0 0 11 2388
D0 0 0 11 2388
D1 0 0 11 2388
D2 0 0 11 2388
D3 0 0 11 2388
D4 0 0 11 2388
D5 0 0 11 2388
D6 0 0 11 2388
D7 0 0 11 2388
D8 0 0 11 2388
D9 0 0 11 2388
DA 0 0 11 2388
DB 0 0 11 2388
DC 0 0 11 2388
DD 0 0 11 2388
DE 0 0 11 2388
DF 0 0 11 2388
E0 0 0 11 2388
E1 0 0 11 2388
E2 0 0 11 2388
E3 0 0 11 2388
E4 0 0 11 2388
E5 0 0 11 2388
E6 0 0 11 2388
E7 0 0 11 2388
E8 0 0 11 2388
E9 0 0 11 2388
EA 0 0 11 2388
EB 0 0 11 2388
EC 0 0 11 2388
ED 0 0 11 2388
EE 0 0 11 2388
EF 0 0 11 2388
F0 0 0 11 2388
F1 0 0 11 2388
F2 0 0 11 2388
F3 0 0 11 2388
F4 0 0 11 2388
F5 0 0 11 2388
F6 0 0 11 2388
F7 0 0 11 2388
F8 0 0 11 2388
F9 0 0 11 2388
FA 0 0 11 2388
00 0 0 11 2388
01 0 0 11 2388
02 0 0 11 2388
03 0 0 11 2388
04 0 0 11 2388
05 0 0 11 2388
06 0 0 11 2388
07 0 0 11 2388
08 0 0 11 2388
09 0 0 11 2388
0A 0 0 11 2388
0B 0 0 11 2388
0C 0 0 11 2388
0D 0 0 11 2388
0E 0 0 11 2388
0F 0 0 11 2388
10 0 0 11 2388
11 0 0 11 2388
12 0 0 11 2388
13 0 0 11 2388
14 0 0 11 2388
15 0 0 11 2388
16 0 0 11 2388
17 0 0 11 2388
18 0 0 11 2388
19 0 0 11 2388
1A 0 0 11 2388
1B 0 0 11 2388
1C 0 0 11 2388
1D 0 0 11 2388
1E 0 0 11 2388
1F 0 0 11 2388
20 0 0 11 2388
21 0 0 11 2388
22 0 0 11 2388
23 0 0 11 2388
24 0 0 11 2388
25 0 0 11 2388
26 0 0 11 2388
27 0 0 11 2388
28 0 0 11 2388
29 0 0 11 2388
2A 0 0 11 2388
2B 0 0 11 2388
2C 0 0 11 2388
2D 0 0 11 2388
2E 0 0 11 2388
2F 0 0 11 2388
30 0 0 11 2388
31 0 0 11 2388
32 0 0 11 2388
33 0 0 11 2388
34 0 0 11 2388
35 0 0 11 2388
36 0 0 11 2388
37 0 0 11 2388
38 0 0 11 2388
39 0 0 11 2388
3A 0 0 11 2388
3B 0 0 11 2388
3C 0 0 11 2388
3D 0 0 11 2388
3E 0 0 11 2388
3F 0 0 11 2388
40 0 0 11 2388
41 0 0 11 2388
42 0 0 11 2388
43 0 0 11 2388
44 0 0 11 2388
45 0 0 11 2388
46 0 0 11 2388
47 0 0 11 2388
48 0 0 11 2388
49 0 0 11 2388
4A 0 0 11 2388
4B 0 0 11 2388
4C 0 0 11 2388
4D 0 0 11 2388
4E 0 0 11 2388
4F 0 0 11 2388
50 0 0 11 2388
51 0 0 11 2388
52 0 0 11 2388
53 0 0 11 2388
54 0 0 11 2388
55 0 0 11 2388
56 0 0 11 2388
57 0 0 11 2388
58 0 0 11 2388
59 0 0 11 2388
5A 0 0 11 2388
5B 0 0 11 2388
5C 0 0 11 2388
5D 0 0 11 2388
5E 0 0 11 2388
5F 0 0 11 2388
60 0 0 11 2388
61 0 0 11 2388
62 0 0 11 2388
63 0 0 11 2388
64 0 0 11 2388
65 0 0 11 2388
66 0 0 11 2388
67 0 0 11 2388
68 0 0 11 2388
69 0 0 11 2388
6A 0 0 11 2388
6B 0 0 11 2388
6C 0 0 11 2388
6D 0 0 11 2388
6E 0 0 11 2388
6F 0 0 11 2388
70 0 0 11 2388
71 0 0 11 2388
72 0 0 11 2388
73 0 0 11 2388
74 0 0 11 2388
75 0 0 11 2388
76 0 0 11 2388
77 0 0 11 2388
78 0 0 11 2388
79 0 0 11 2388
7A 0 0 11 2388
7B 0 0 11 2388
7C 0 0 11 2388
7D 0 0 11 2388
7E 0 0 11 2388
7F 0 0 11 2388
80 0 0 11 2388
81 0 0 11 2388
82 0 0 11 2388
83 0 0 11 2388
84 0 0 11 2388
85 0 0 11 2388
86 0 0 11 2388
87 0 0 11 2388
88 0 0 11 2388
89 0 0 11 2388
8A 0 0 11 2388
8B 0 0 11 2388
8C 0 0 11 2388
8D 0 0 11 2388
8E 0 0 11 2388
8F 0 0 11 2388
90 0 0 11 2388
91 0 0 11 2388
92 0 0 11 2388
93 0 0 11 2388
94 0 0 11 2388
95 0 0 11 2388
96 0 0 11 2388
97 0 0 11 2388
98 0 0 11 2388
99 0 0 11 2388
9A 0 0 11 2388
9B 0 0 11 2388
9C 0 0 11 2388
9D 0 0 11 2388
9E 0 0 11 2388
9F 0 0 11 2388
A0 0 0 11 2388
A1 0 0 11 2388
A2 0 0 11 2388
A3 0 0 11 2388
A4 0 0 11 2388
A5 0 0 11 2388
A6 0 0 11 2388
A7 0 0 11 2388
A8 0 0 11 2388
A9 0 0 11 2388
AA 0 0 11 2388
AB 0 0 11 2388
AC 0 0 11 2388
AD 0 0 11 2388
AE 0 0 11 2388
AF 0 0 11 2388
B0 0 0 11 2388
B1 0 0 11 2388
B2 0 0 11 2388
B3 0 0 11 2388
B4 0 0 11 2388
B5 0 0 11 2388
B6 0 0 11 2388
B7 0 0 11 2388
B8 0 0 11 2388
B9 0 0 11 2388
BA 0 0 11 2388
BB 0 0 11 2388
BC 0 0 11 2388
BD 0 0 11 2388
BE 0 0 11 2388
BF 0 0 11 2388
C0 0 0 11 2388
C1 0 0 11 2388
C2 0 0 11 2388
C3 0 0 11 2388
C4 0 0 11 2388
C5 0 0 11 2388
C6 0 0 11 2388
C7 0 0 11 2388
C8 0 0 11 2388
C9 0 0 11 2388
CA 0 0 11 2388
CB 0 0 11 2388
CC 0 0 11 2388
CD 0 0 11 2388
CE 0 0 11 2388
CF 0 0 11 2388
D0 0 0 11 2388
D1 0 0 11 2388
D2 0 0 11 2388
D3 0 0 11 2388
D4 0 0 11 2388
D5 0 0 11 2388
D6 0 0 11 2388
D7 0 0 11 2388
D8 0 0 11 2388
D9 0 0 11 2388
DA 0 0 11 2388
DB 0 0 11 2388
DC 0 0 11 2388
DD 0 0 11 2388
DE 0 0 11 2388
DF 0 0 11 2388
E0 0 0 11 2388
E1 0 0 11 2388
E2 0 0 11 2388
E3 0 0 11 2388
E4 0 0 11 2388
E5 0 0 11 2388
E6 0 0 11 2388
E7 0 0 11 2388
E8 0 0 11 2388
E9 0 0 11 2388
EA 0 0 11 2388
EB 0 0 11 2388
EC 0 0 11 2388
ED 0 0 11 2388
EE 0 0 11 2388
EF 0 0 11 2388
F0 0 0 11 2388
F1 0 0 11 2388
F2 0 0 11 2388
F3 0 0 11 2388
F4 0 0 11 2388
F5 0 0 11 2388
F6 0 0 11 2388
F7 0 0 11 2388
F8 0 0 11 2388
F9 0 0 11 2388
FA 0 0 11 2388
00 0 0 11 2388
01 0 0 11 2388
02 0 0 11 2388
03 0 0 11 2388
04 0 0 11 2388
05 0 0 11 2388
06 0 0 11 2388
07 0 0 11 2388
08 0 0 11 2388
09 0 0 11 2388
0A 0 0 11 2388
0B 0 0 11 2388
0C 0 0 11 2388
0D 0 0 11 2388
0E 0 0 11 2388
0F 0 0 11 2388
10 0 0 11 2388
11 0 0 11 2388
12 0 0 11 2388
13 0 0 11 2388
14 0 0 11 2388
15 0 0 11 2388
16 0 0 11 2388
17 0 0 11 2388
18 0 0 11 2388
19 0 0 11 2388
1A 0 0 11 2388
1B 0 0 11 2388
1C 0 0 11 2388
1D 0 0 11 2388
1E 0 0 11 2388
1F 0 0 11 2388
20 0 0 11 2388
21 0 0 11 2388
22 0 0 11 2388
23 0 0 11 2388
24 0 0 11 2388
25 0 0 11 2388
26 0 0 11 2388
27 0 0 11 2388
28 0 0 11 2388
29 0 0 11 2388
2A 0 0 11 2388
2B 0 0 11 2388
2C 0 0 11 2388
2D 0 0 11 2388
2E 0 0 11 2388
2F 0 0 11 2388
30 0 0 11 2388
31 0 0 11 2388
32 0 0 11 2388
33 0 0 11 2388
34 0 0 11 2388
35 0 0 11 2388
36 0 0 11 2388
37 0 0 11 2388
38 0 0 11 2388
39 0 0 11 2388
3A 0 0 11 2388
3B 0 0 11 2388
3C 0 0 11 2388
3D 0 0 11 2388
3E 0 0 11 2388
3F 0 0 11 2388
40 0 0 11 2388
41 0 0 11 2388
42 0 0 11 2388
43 0 0 11 2388
44 0 0 11 2388
45 0 0 11 2388
46 0 0 11 2388
47 0 0 11 2388
48 0 0 11 2388
49 0 0 11 2388
4A 0 0 11 2388
4B 0 0 11 2388
4C 0 0 11 2388
4D 0 0 11 2388
4E 0 0 11 2388
4F 0 0 11 2388
50 0 0 11 2388
51 0 0 11 2388
52 0 0 11 2388
53 0 0 11 2388
54 0 0 11 2388
55 0 0 11 2388
56 0 0 11 2388
57 0 0 11 2388
58 0 0 11 2388
59 0 0 11 2388
5A 0 0 11 2388
5B 0 0 11 2388
5C 0 0 11 2388
5D 0 0 11 2388
5E 0 0 11 2388
5F 0 0 11 2388
60 0 0 11 2388
61 0 0 11 2388
62 0 0 11 2388
63 0 0 11 2388
64 0 0 11 2388
65 0 0 11 2388
66 0 0 11 2388
67 0 0 11 2388
68 0 0 11 2388
69 0 0 11 2388
6A 0 0 11 2388
6B 0 0 11 2388
6C 0 0 11 2388
6D 0 0 11 2388
6E 0 0 11 2388
6F 0 0 11 2388
70 0 0 11 2388
71 0 0 11 2388
72 0 0 11 2388
73 0 0 11 2388
74 0 0 11 2388
75 0 0 11 2388
76 0 0 11 2388
77 0 0 11 2388
78 0 0 11 2388
79 0 0 11 2388
7A 0 0 11 2388
7B 0 0 11 2388
7C 0 0 11 2388
7D 0 0 11 2388
7E 0 0 11 2388
7F 0 0 11 2388
80 0 0 11 2388
81 0 0 11 2388
82 0 0 11 2388
83 0 0 11 2388
84 0 0 11 2388
85 0 0 11 2388
86 0 0 11 2388
87 0 0 11 2388
88 0 0 11 2388
89 0 0 11 2388
8A 0 0 11 2388
8B 0 0 11 2388
8C 0 0 11 2388
8D 0 0 11 2388
8E 0 0 11 2388
8F 0 0 11 2388
90 0 0 11 2388
91 0 0 11 2388
92 0 0 11 2388
93 0 0 11 2388
94 0 0 11 2388
95 0 0 11 2388
96 0 0 11 2388
97 0 0 11 2388
98 0 0 11 2388
99 0 0 11 2388
9A 0 0 11 2388
9B 0 0 11 2388
9C 0 0 11 2388
9D 0 0 11 2388
9E 0 0 11 2388
9F 0 0 11 2388
A0 0 0 11 2388
A1 0 0 11 2388
A2 0 0 11 2388
A3 0 0 11 2388
A4 0 0 11 2388
A5 0 0 11 2388
A6 0 0 11 2388
A7 0 0 11 2388
A8 0 0 11 2388
A9 0 0 11 2388
AA 0 0 11 2388
AB 0 0 11 2388
AC 0 0 11 2388
AD 0 0 11 2388
AE 0 0 11 2388
AF 0 0 11 2388
B0 0 0 11 2388
B1 0 0 11 2388
B2 0 0 11 2388
B3 0 0 11 2388
B4 0 0 11 2388
B5 0 0 11 2388
B6 0 0 11 2388
B7 0 0 11 2388
B8 0 0 11 2388
B9 0 0 11 2388
BA 0 0 11 2388
BB 0 0 11 2388
BC 0 0 11 2388
BD 0 0 11 2388
BE 0 0 11 2388
BF 0 0 11 2388
C0 0 0 11 2388
C1 0 0 11 2388
C2 0 0 11 2388
C3 0 0 11 2388
C4 0 0 11 2388
C5 0 0 11 2388
C6 0 0 11 2388
C7 0 0 11 2388
C8 0 0 11 2388
C9 0 0 11 2388
CA 0 0 11 2388
CB 0 0 11 2388
CC 0 0 11 2388
CD 0 0 11 2388
CE 0 0 11 2388
CF 0 0 11 2388
D0 0 0 11 2388
D1 0 0 11 2388
D2 0 0 11 2388
D3 0 0 11 2388
D4 0 0 11 2388
D5 0 0 11 2388
D6 0 0 11 2388
D7 0 0 11 2388
D8 0 0 11 2388
D9 0 0 11 2388
DA 0 0 11 2388
DB 0 0 11 2388
DC 0 0 11 2388
DD 0 0 11 2388
DE 0 0 11 2388
DF 0 0 11 2388
E0 0 0 11 2388
E1 0 0 11 2388
E2 0 0 11 2388
E3 0 0 11 2388
E4 0 0 11 2388
E5 0 0 11 2388
E6 0 0 11 2388
E7 0 0 11 2388
E8 0 0 11 2388
E9 0 0 11 2388
EA 0 0 11 2388
EB 0 0 11 2388
EC 0 0 11 2388
ED 0 0 11 2388
EE 0 0 11 2388
EF 0 0 11 2388
F0 0 0 11 2388
F1 0 0 11 2388
F2 0 0 11 2388
F3 0 0 11 2388
F4 0 0 11 2388
F5 0 0 11 2388
F6 0 0 11 2388
F7 0 0 11 2388
F8 0 0 11 2388
F9 0 0 11 2388
FA 0 0 11 2388
00 0 0 11 2388
01 0 0 11 2388
02 0 0 11 2388
03 0 0 11 2388
04 0 0 11 2388
05 0 0 11 2388
06 0 0 11 2388
07 0 0 11 2388
08 0 0 11 2388
09 0 0 11 2388
0A 0 0 11 2388
0B 0 0 11 2388
0C 0 0 11 2388
0D 0 0 11 2388
0E 0 0 11 2388
0F 0 0 11 2388
10 0 0 11 2388
11 0 0 11 2388
12 0 0 11 2388
13 0 0 11 2388
14 0 0 11 2388
15 0 0 11 2388
16 0 0 11 2388
17 0 0 11 2388
18 0 0 11 2388
19 0 0 11 2388
1A 0 0 11 2388
1B 0 0 11 2388
1C 0 0 11 2388
1D 0 0 11 2388
1E 0 0 11 2388
1F 0 0 11 2388
20 0 0 11 2388
21 0 0 11 2388
22 0 0 11 2388
23 0 0 11 2388
24 0 0 11 2388
25 0 0 11 2388
26 0 0 11 2388
27 0 0 11 2388
28 0 0 11 2388
29 0 0 11 2388
2A 0 0 11 2388
2B 0 0 11 2388
2C 0 0 11 2388
2D 0 0 11 2388
2E 0 0 11 2388
2F 0 0 11 2388
30 0 0 11 2388
31 0 0 11 2388
32 0 0 11 2388
33 0 0 11 2388
34 0 0 11 2388
35 0 0 11 2388
36 0 0 11 2388
37 0 0 11 2388
38 0 0 11 2388
39 0 0 11 2388
3A 0 0 11 2388
3B 0 0 11 2388
3C 0 0 11 2388
3D 0 0 11 2388
3E 0 0 11 2388
3F 0 0 11 2388
40 0 0 11 2388
41 0 0 11 2388
42 0 0 11 2388
43 0 0 11 2388
44 0 0 11 2388
45 0 0 11 2388
46 0 0 11 2388
47 0 0 11 2388
48 0 0 11 2388
49 0 0 11 2388
4A 0 0 11 2388
4B 0 0 11 2388
4C 0 0 11 2388
4D 0 0 11 2388
4E 0 0 11 2388
4F 0 0 11 2388
50 0 0 11 2388
51 0 0 11 2388
52 0 0 11 2388
53 0 0 11 2388
54 0 0 11 2388
55 0 0 11 2388
56 0 0 11 2388
57 0 0 11 2388
58 0 0 11 2388
59 0 0 11 2388
5A 0 0 11 2388
5B 0 0 11 2388
5C 0 0 11 2388
5D 0 0 11 2388
5E 0 0 11 2388
5F 0 0 11 2388
60 0 0 11 2388
61 0 0 11 2388
62 0 0 11 2388
63 0 0 11 2388
64 0 0 11 2388
65 0 0 11 2388
66 0 0 11 2388
67 0 0 11 2388
68 0 0 11 2388
69 0 0 11 2388
6A 0 0 11 2388
6B 0 0 11 2388
6C 0 0 11 2388
6D 0 0 11 2388
6E 0 0 11 2388
6F 0 0 11 2388
70 0 0 11 2388
71 0 0 11 2388
72 0 0 11 2388
73 0 0 11 2388
74 0 0 11 2388
75 0 0 11 2388
76 0 0 11 2388
77 0 0 11 2388
78 0 0 11 2388
79 0 0 11 2388
7A 0 0 11 2388
7B 0 0 11 2388
7C 0 0 11 2388
7D 0 0 11 2388
7E 0 0 11 2388
7F 0 0 11 2388
80 0 0 11 2388
81 0 0 11 2388
82 0 0 11 2388
83 0 0 11 2388
84 0 0 11 2388
85 0 0 11 2388
86 0 0 11 2388
87 0 0 11 2388
88 0 0 11 2388
89 0 0 11 2388
8A 0 0 11 2388
8B 0 0 11 2388
8C 0 0 11 2388
8D 0 0 11 2388
8E 0 0 11 2388
8F 0 0 11 2388
90 0 0 11 2388
91 0 0 11 2388
92 0 0 11 2388
93 0 0 11 2388
94 0 0 11 2388
95 0 0 11 2388
96 0 0 11 2388
97 0 0 11 2388
98 0 0 11 2388
99 0 0 11 2388
9A 0 0 11 2388
9B 0 0 11 2388
9C 0 0 11 2388
9D 0 0 11 2388
9E 0 0 11 2388
9F 0 0 11 2388
A0 0 0 11 2388
A1 0 0 11 2388
A2 0 0 11 2388
A3 0 0 11 2388
A4 0 0 11 2388
A5 0 0 11 2388
A6 0 0 11 2388
A7 0 0 11 2388
A8 0 0 11 2388
A9 0 0 11 2388
AA 0 0 11 2388
AB 0 0 11 2388
AC 0 0 11 2388
AD 0 0 11 2388
AE 0 0 11 2388
AF 0 0 11 2388
B0 0 0 11 2388
B1 0 0 11 2388
B2 0 0 11 2388
B3 0 0 11 2388
B4 0 0 11 2388
B5 0 0 11 2388
B6 0 0 11 2388
B7 0 0 11 2388
B8 0 0 11 2388
B9 0 0 11 2388
BA 0 0 11 2388
BB 0 0 11 2388
BC 0 0 11 2388
BD 0 0 11 2388
BE 0 0 11 2388
BF 0 0 11 2388
C0 0 0 11 2388
C1 0 0 11 2388
C2 0 0 11 2388
C3 0 0 11 2388
C4 0 0 11 2388
C5 0 0 11 2388
C6 0 0 11 2388
C7 0 0 11 2388
C8 0 0 11 2388
C9 0 0 11 2388
CA 0 0 11 2388
CB 0 0 11 2388
CC 0 0 11 2388
CD 0 0 11 2388
CE 0 0 11 2388
CF 0 0 11 2388
D0 0 0 11 2388
D1 0 0 11 2388
D2 0 0 11 2388
D3 0 0 11 2388
D4 0 0 11 2388
D5 0 0 11 2388
D6 0 0 11 2388
D7 0 0 11 2388
D8 0 0 11 2388
D9 0 0 11 2388
DA 0 0 11 2388
DB 0 0 11 2388
DC 0 0 11 2388
DD 0 0 11 2388
DE 0 0 11 2388
DF 0 0 11 2388
E0 0 0 11 2388
E1 0 0 11 2388
E2 0 0 11 2388
E3 0 0 11 2388
E4 0 0 11 2388
E5 0 0 11 2388
E6 0 0 11 2388
E7 0 0 11 2388
E8 0 0 11 2388
E9 0 0 11 2388
EA 0 0 11 2388
EB 0 0 11 2388
EC 0 0 11 2388
ED 0 0 11 2388
EE 0 0 11 2388
EF 0 0 11 2388
F0 0 0 11 2388
F1 0 0 11 2388
F2 0 0 11 2388
F3 0 0 11 2388
F4 0 0 11 2388
F5 0 0 11 2388
F6 0 0 11 2388
F7 0 0 11 2388
F8 0 0 11 2388
F9 0 0 11 2388
FA 0 0 11 2388
00 0 0 11 2388
01 0 0 11 2388
02 0 0 11 2388
03 0 0 11 2388
04 0 0 11 2388
05 0 0 11 2388
06 0 0 11 2388
07 0 0 11 2388
08 0 0 11 2388
09 0 0 11 2388
0A 0 0 11 2388
0B 0 0 11 2388
0C 0 0 11 2388
0D 0 0 11 2388
0E 0 0 11 2388
0F 0 0 11 2388
10 0 0 11 2388
11 0 0 11 2388
12 0 0 11 2388
13 0 0 11 2388
14 0 0 11 2388
15 0 0 11 2388
16 0 0 11 2388
17 0 0 11 2388
18 0 0 11 2388
19 0 0 11 2388
1A 0 0 11 2388
1B 0 0 11 2388
1C 0 0 11 2388
1D 0 0 11 2388
1E 0 0 11 2388
1F 0 0 11 2388
20 0 0 11 2388
21 0 0 11 2388
22 0 0 11 2388
23 0 0 11 2388
24 0 0 11 2388
25 0 0 11 2388
26 0 0 11 2388
27 0 0 11 2388
28 0 0 11 2388
29 0 0 11 2388
2A 0 0 11 2388
2B 0 0 11 2388
2C 0 0 11 2388
2D 0 0 11 2388
2E 0 0 11 2388
2F 0 0 11 2388
30 0 0 11 2388
31 0 0 11 2388
32 0 0 11 2388
33 0 0 11 2388
34 0 0 11 2388
35 0 0 11 2388
36 0 0 11 2388
37 0 0 11 2388
38 0 0 11 2388
39 0 0 11 2388
3A 0 0 11 2388
3B 0 0 11 2388
3C 0 0 11 2388
3D 0 0 11 2388
3E 0 0 11 2388
3F 0 0 11 2388
40 0 0 11 2388
41 0 0 11 2388
42 0 0 11 2388
43 0 0 11 2388
44 0 0 11 2388
45 0 0 11 2388
46 0 0 11 2388
47 0 0 11 2388
48 0 0 11 2388
49 0 0 11 2388
4A 0 0 11 2388
4B 0 0 11 2388
4C 0 0 11 2388
4D 0 0 11 2388
4E 0 0 11 2388
4F 0 0 11 2388
50 0 0 11 2388
51 0 0 11 2388
52 0 0 11 2388
53 0 0 11 2388
54 0 0 11 2388
55 0 0 11 2388
56 0 0 11 2388
57 0 0 11 2388
58 0 0 11 2388
59 0 0 11 2388
5A 0 0 11 2388
5B 0 0 11 2388
5C 0 0 11 2388
5D 0 0 11 2388
5E 0 0 11 2388
5F 0 0 11 2388
60 0 0 11 2388
61 0 0 11 2388
62 0 0 11 2388
63 0 0 11 2388
64 0 0 11 2388
65 0 0 11 2388
66 0 0 11 2388
67 0 0 11 2388
68 0 0 11 2388
69 0 0 11 2388
6A 0 0 11 2388
6B 0 0 11 2388
6C 0 0 11 2388
6D 0 0 11 2388
6E 0 0 11 2388
6F 0 0 11 2388
70 0 0 11 2388
71 0 0 11 2388
72 0 0 11 2388
73 0 0 11 2388
74 0 0 11 2388
75 0 0 11 2388
76 0 0 11 2388
77 0 0 11 2388
78 0 0 11 2388
79 0 0 11 2388
7A 0 0 11 2388
7B 0 0 11 2388
7C 0 0 11 2388
7D 0 0 11 2388
7E 0 0 11 2388
7F 0 0 11 2388
80 0 0 11 2388
81 0 0 11 2388
82 0 0 11 2388
83 0 0 11 2388
84 0 0 11 2388
85 0 0 11 2388
86 0 0 11 2388
87 0 0 11 2388
88 0 0 11 2388
89 0 0 11 2388
8A 0 0 11 2388
8B 0 0 11 2388
8C 0 0 11 2388
8D 0 0 11 2388
8E 0 0 11 2388
8F 0 0 11 2388
90 0 0 11 2388
91 0 0 11 2388
92 0 0 11 2388
93 0 0 11 2388
94 0 0 11 2388
95 0 0 11 2388
96 0 0 11 2388
97 0 0 11 2388
98 0 0 11 2388
99 0 0 11 2388
9A 0 0 11 2388
9B 0 0 11 2388
9C 0 0 11 2388
9D 0 0 11 2388
9E 0 0 11 2388
9F 0 0 11 2388
A0 0 0 11 2388
A1 0 0 11 2388
A2 0 0 11 2388
A3 0 0 11 2388
A4 0 0 11 2388
A5 0 0 11 2388
A6 0 0 11 2388
A7 0 0 11 2388
A8 0 0 11 2388
A9 0 0 11 2388
AA 0 0 11 2388
AB 0 0 11 2388
AC 0 0 11 2388
AD 0 0 11 2388
AE 0 0 11 2388
AF 0 0 11 2388
B0 0 0 11 2388
B1 0 0 11 2388
B2 0 0 11 2388
B3 0 0 11 2388
B4 0 0 11 2388
B5 0 0 11 2388
B6 0 0 11 2388
B7 0 0 11 2388
B8 0 0 11 2388
B9 0 0 11 2388
BA 0 0 11 2388
BB 0 0 11 2388
BC 0 0 11 2388
BD 0 0 11 2388
BE 0 0 11 2388
BF 0 0 11 2388
C0 0 0 11 2388
C1 0 0 11 2388
C2 0 0 11 2388
C3 0 0 11 2388
C4 0 0 11 2388
C5 0 0 11 2388
C6 0 0 11 2388
C7 0 0 11 2388
C8 0 0 11 2388
C9 0 0 11 2388
CA 0 0 11 2388
CB 0 0 11 2388
CC 0 0 11 2388
CD 0 0 11 2388
CE 0 0 11 2388
CF 0 0 11 2388
D0 0 0 11 2388
D1 0 0 11 2388
D2 0 0 11 2388
D3 0 0 11 2388
D4 0 0 11 2388
D5 0 0 11 2388
D6 0 0 11 2388
D7 0 0 11 2388
D8 0 0 11 2388
D9 0 0 11 2388
DA 0 0 11 2388
DB 0 0 11 2388
DC 0 0 11 2388
DD 0 0 11 2388
DE 0 0 11 2388
DF 0 0 11 2388
E0 0 0 11 2388
E1 0 0 11 2388
E2 0 0 11 2388
E3 0 0 11 2388
E4 0 0 11 2388
E5 0 0 11 2388
E6 0 0 11 2388
E7 0 0 11 2388
E8 0 0 11 2388
E9 0 0 11 2388
EA 0 0 11 2388
EB 0 0 11 2388
EC 0 0 11 2388
ED 0 0 11 2388
EE 0 0 11 2388
EF 0 0 11 2388
F0 0 0 11 2388
F1 0 0 11 2388
F2 0 0 11 2388
F3 0 0 11 2388
F4 0 0 11 2388
F5 0 0 11 2388
F6 0 0 11 2388
F7 0 0 11 2388
F8 0 0 11 2388
F9 0 0 11 2388
FA 0 0 11 2388
00 0 0 11 2388
01 0 0 11 2388
02 0 0 11 2388
03 0 0 11 2388
04 0 0 11 2388
05 0 0 11 2388
06 0 0 11 2388
07 0 0 11 2388
08 0 0 11 2388
09 0 0 11 2388
0A 0 0 11 2388
0B 0 0 11 2388
0C 0 0 11 2388
0D 0 0 11 2388
0E 0 0 11 2388
0F 0 0 11 2388
10 0 0 11 2388
11 0 0 11 2388
12 0 0 11 2388
13 0 0 11 2388
14 0 0 11 2388
15 0 0 11 2388
16 0 0 11 2388
17 0 0 11 2388
18 0 0 11 2388
19 0 0 11 2388
1A 0 0 11 2388
1B 0 0 11 2388
1C 0 0 11 2388
1D 0 0 11 2388
1E 0 0 11 2388
1F 0 0 11 2388
20 0 0 11 2388
21 0 0 11 2388
22 0 0 11 2388
23 0 0 11 2388
24 0 0 11 2388
25 0 0 11 2388
26 0 0 11 2388
27 0 0 11 2388
28 0 0 11 2388
29 0 0 11 2388
2A 0 0 11 2388
2B 0 0 11 2388
2C 0 0 11 2388
2D 0 0 11 2388
2E 0 0 11 2388
2F 0 0 11 2388
30 0 0 11 2388
31 0 0 11 2388
32 0 0 11 2388
33 0 0 11 2388
34 0 0 11 2388
35 0 0 11 2388
36 0 0 11 2388
37 0 0 11 2388
38 0 0 11 2388
39 0 0 11 2388
3A 0 0 11 2388
3B 0 0 11 2388
3C 0 0 11 2388
3D 0 0 11 2388
3E 0 0 11 2388
3F 0 0 11 2388
40 0 0 11 2388
41 0 0 11 2388
42 0 0 11 2388
43 0 0 11 2388
44 0 0 11 2388
45 0 0 11 2388
46 0 0 11 2388
47 0 0 11 2388
48 0 0 11 2388
49 0 0 11 2388
4A 0 0 11 2388
4B 0 0 11 2388
4C 0 0 11 2388
4D 0 0 11 2388
4E 0 0 11 2388
4F 0 0 11 2388
50 0 0 11 2388
51 0 0 11 2388
52 0 0 11 2388
53 0 0 11 2388
54 0 0 11 2388
55 0 0 11 2388
56 0 0 11 2388
57 0 0 11 2388
58 0 0 11 2388
59 0 0 11 2388
5A 0 0 11 2388
5B 0 0 11 2388
5C 0 0 11 2388
5D 0 0 11 2388
5E 0 0 11 2388
5F 0 0 11 2388
60 0 0 11 2388
61 0 0 11 2388
62 0 0 11 2388
63 0 0 11 2388
64 0 0 11 2388
65 0 0 11 2388
66 0 0 11 2388
67 0 0 11 2388
68 0 0 11 2388
69 0 0 11 2388
6A 0 0 11 2388
6B 0 0 11 2388
6C 0 0 11 2388
6D 0 0 11 2388
6E 0 0 11 2388
6F 0 0 11 2388
70 0 0 11 2388
71 0 0 11 2388
72 0 0 11 2388
73 0 0 11 2388
74 0 0 11 2388
75 0 0 11 2388
76 0 0 11 2388
77 0 0 11 2388
78 0 0 11 2388
79 0 0 11 2388
7A 0 0 11 2388
7B 0 0 11 2388
7C 0 0 11 2388
7D 0 0 11 2388
7E 0 0 11 2388
7F 0 0 11 2388
80 0 0 11 2388
81 0 0 11 2388
82 0 0 11 2388
83 0 0 11 2388
84 0 0 11 2388
85 0 0 11 2388
86 0 0 11 2388
87 0 0 11 2388
88 0 0 11 2388
89 0 0 11 2388
8A 0 0 11 2388
8B 0 0 11 2388
8C 0 0 11 2388
8D 0 0 11 2388
8E 0 0 11 2388
8F 0 0 11 2388
90 0 0 11 2388
91 0 0 11 2388
92 0 0 11 2388
93 0 0 11 2388
94 0 0 11 2388
95 0 0 11 2388
96 0 0 11 2388
97 0 0 11 2388
98 0 0 11 2388
99 0 0 11 2388
9A 0 0 11 2388
9B 0 0 11 2388
9C 0 0 11 2388
9D 0 0 11 2388
9E 0 0 11 2388
9F 0 0 11 2388
A0 0 0 11 2388
A1 0 0 11 2388
A2 0 0 11 2388
A3 0 0 11 2388
A4 0 0 11 2388
A5 0 0 11 2388
A6 0 0 11 2388
A7 0 0 11 2388
A8 0 0 11 2388
A9 0 0 11 2388
AA 0 0 11 2388
AB 0 0 11 2388
AC 0 0 11 2388
AD 0 0 11 2388
AE 0 0 11 2388
AF 0 0 11 2388
B0 0 0 11 2388
B1 0 0 11 2388
B2 0 0 11 2388
B3 0 0 11 2388
B4 0 0 11 2388
B5 0 0 11 2388
B6 0 0 11 2388
B7 0 0 11 2388
B8 0 0 11 2388
B9 0 0 11 2388
BA 0 0 11 2388
BB 0 0 11 2388
BC 0 0 11 2388
BD 0 0 11 2388
BE 0 0 11 2388
BF 0 0 11 2388
C0 0 0 11 2388
C1 0 0 11 2388
C2 0 0 11 2388
C3 0 0 11 2388
C4 0 0 11 2388
C5 0 0 11 2388
C6 0 0 11 2388
C7 0 0 11 2388
C8 0 0 11 2388
C9 0 0 11 2388
CA 0 0 11 2388
CB 0 0 11 2388
CC 0 0 11 2388
CD 0 0 11 2388
CE 0 0 11 2388
CF 0 0 11 2388
D0 0 0 11 2388
D1 0 0 11 2388
D2 0 0 11 2388
D3 0 0 11 2388
D4 0 0 11 2388
D5 0 0 11 2388
D6 0 0 11 2388
D7 0 0 11 2388
D8 0 0 11 2388
D9 0 0 11 2388
DA 0 0 11 2388
DB 0 0 11 2388
DC 0 0 11 2388
DD 0 0 11 2388
DE 0 0 11 2388
DF 0 0 11 2388
E0 0 0 11 2388
E1 0 0 11 2388
E2 0 0 11 2388
E3 0 0 11 2388
E4 0 0 11 2388
E5 0 0 11 2388
E6 0 0 11 2388
E7 0 0 11 2388
E8 0 0 11 2388
E9 0 0 11 2388
EA 0 0 11 2388
EB 0 0 11 2388
EC 0 0 11 2388
ED 0 0 11 2388
EE 0 0 11 2388
EF 0 0 11 2388
F0 0 0 11 2388
F1 0 0 11 2388
F2 0 0 11 2388
F3 0 0 11 2388
F4 0 0 11 2388
F5 0 0 11 2388
F6 0 0 11 2388
F7 0 0 11 2388
F8 0 0 11 2388
F9 0 0 11 2388
FA 0 0 11 2388
00 0 0 11 2388
01 0 0 11 2388
02 0 0 11 2388
03 1 1 11 2388
00 0 0 12 3925
0A 0 0 12 3925
35 0 0 12 3925
01 0 0 12 3925
02 0 0 12 3925
03 0 0 12 3925
DE 0 0 12 3925
AD 0 0 12 3925
BE 0 0 12 3925
EF 0 0 12 3925
00 0 0 12 3925
01 0 0 12 3925
08 0 0 12 3925
00 0 0 12 3925
0C 0 0 12 3925
0D 0 0 12 3925
0E 0 0 12 3925
0F 0 0 12 3925
10 0 0 12 3925
11 0 0 12 3925
12 0 0 12 3925
13 0 0 12 3925
14 0 0 12 3925
15 0 0 12 3925
16 0 0 12 3925
17 0 0 12 3925
18 0 0 12 3925
19 0 0 12 3925
1A 0 0 12 3925
1B 0 0 12 3925
1C 0 0 12 3925
1D 0 0 12 3925
1E 0 0 12 3925
1F 0 0 12 3925
20 0 0 12 3925
21 0 0 12 3925
22 0 0 12 3925
23 0 0 12 3925
24 0 0 12 3925
25 0 0 12 3925
26 0 0 12 3925
27 0 0 12 3925
28 0 0 12 3925
29 0 0 12 3925
2A 0 0 12 3925
2B 0 0 12 3925
2C 0 0 12 3925
2D 0 0 12 3925
2E 0 0 12 3925
2F 0 0 12 3925
30 0 0 12 3925
31 0 0 12 3925
32 0 0 12 3925
33 0 0 12 3925
34 0 0 12 3925
35 0 0 12 3925
36 0 0 12 3925
37 0 0 12 3925
38 0 0 12 3925
39 0 0 12 3925
3A 0 0 12 3925
3B 0 0 12 3925
3C 0 0 12 3925
3D 0 0 12 3925
3E 0 0 12 3925
3F 0 0 12 3925
40 0 0 12 3925
41 0 0 12 3925
42 0 0 12 3925
43 0 0 12 3925
44 0 0 12 3925
45 0 0 12 3925
46 0 0 12 3925
47 0 0 12 3925
48 0 0 12 3925
49 0 0 12 3925
4A 0 0 12 3925
4B 0 0 12 3925
4C 0 0 12 3925
4D 0 0 12 3925
4E 0 0 12 3925
4F 0 0 12 3925
50 0 0 12 3925
51 0 0 12 3925
52 0 0 12 3925
53 0 0 12 3925
54 0 0 12 3925
55 0 0 12 3925
56 0 0 12 3925
57 0 0 12 3925
58 0 0 12 3925
59 0 0 12 3925
5A 0 0 12 3925
5B 0 0 12 3925
5C 0 0 12 3925
5D 0 0 12 3925
5E 0 0 12 3925
5F 0 0 12 3925
60 0 0 12 3925
61 0 0 12 3925
62 0 0 12 3925
63 0 0 12 3925
64 0 0 12 3925
65 0 0 12 3925
66 0 0 12 3925
67 0 0 12 3925
68 0 0 12 3925
69 0 0 12 3925
6A 0 0 12 3925
6B 0 0 12 3925
6C 0 0 12 3925
6D 0 0 12 3925
6E 0 0 12 3925
6F 0 0 12 3925
70 0 0 12 3925
71 0 0 12 3925
72 0 0 12 3925
73 0 0 12 3925
74 0 0 12 3925
75 0 0 12 3925
76 0 0 12 3925
77 0 0 12 3925
78 0 0 12 3925
79 0 0 12 3925
7A 0 0 12 3925
7B 0 0 12 3925
7C 0 0 12 3925
7D 0 0 12 3925
7E 0 0 12 3925
7F 0 0 12 3925
80 0 0 12 3925
81 0 0 12 3925
82 0 0 12 3925
83 0 0 12 3925
84 0 0 12 3925
85 0 0 12 3925
86 0 0 12 3925
87 0 0 12 3925
88 0 0 12 3925
89 0 0 12 3925
8A 0 0 12 3925
8B 0 0 12 3925
8C 0 0 12 3925
8D 0 0 12 3925
8E 0 0 12 3925
8F 0 0 12 3925
90 0 0 12 3925
91 0 0 12 3925
92 0 0 12 3925
93 0 0 12 3925
94 0 0 12 3925
95 0 0 12 3925
96 0 0 12 3925
97 0 0 12 3925
98 0 0 12 3925
99 0 0 12 3925
9A 0 0 12 3925
9B 0 0 12 3925
9C 0 0 12 3925
9D 0 0 12 3925
9E 0 0 12 3925
9F 0 0 12 3925
A0 0 0 12 3925
A1 0 0 12 3925
A2 0 0 12 3925
A3 0 0 12 3925
A4 0 0 12 3925
A5 0 0 12 3925
A6 0 0 12 3925
A7 0 0 12 3925
A8 0 0 12 3925
A9 0 0 12 3925
AA 0 0 12 3925
AB 0 0 12 3925
AC 0 0 12 3925
AD 0 0 12 3925
AE 0 0 12 3925
AF 0 0 12 3925
B0 0 0 12 3925
B1 0 0 12 3925
B2 0 0 12 3925
B3 0 0 12 3925
B4 0 0 12 3925
B5 0 0 12 3925
B6 0 0 12 3925
B7 0 0 12 3925
B8 0 0 12 3925
B9 0 0 12 3925
BA 0 0 12 3925
BB 0 0 12 3925
BC 0 0 12 3925
BD 0 0 12 3925
BE 0 0 12 3925
BF 0 0 12 3925
C0 0 0 12 3925
C1 0 0 12 3925
C2 0 0 12 3925
C3 0 0 12 3925
C4 0 0 12 3925
C5 0 0 12 3925
C6 0 0 12 3925
C7 0 0 12 3925
C8 0 0 12 3925
C9 0 0 12 3925
CA 0 0 12 3925
CB 0 0 12 3925
CC 0 0 12 3925
CD 0 0 12 3925
CE 0 0 12 3925
CF 0 0 12 3925
D0 0 0 12 3925
D1 0 0 12 3925
D2 0 0 12 3925
D3 0 0 12 3925
D4 0 0 12 3925
D5 0 0 12 3925
D6 0 0 12 3925
D7 0 0 12 3925
D8 0 0 12 3925
D9 0 0 12 3925
DA 0 0 12 3925
DB 0 0 12 3925
DC 0 0 12 3925
DD 0 0 12 3925
DE 0 0 12 3925
DF 0 0 12 3925
E0 0 0 12 3925
E1 0 0 12 3925
E2 0 0 12 3925
E3 0 0 12 3925
E4 0 0 12 3925
E5 0 0 12 3925
E6 0 0 12 3925
E7 0 0 12 3925
E8 0 0 12 3925
E9 0 0 12 3925
EA 0 0 12 3925
EB 0 0 12 3925
EC 0 0 12 3925
ED 0 0 12 3925
EE 0 0 12 3925
EF 0 0 12 3925
F0 0 0 12 3925
F1 0 0 12 3925
F2 0 0 12 3925
F3 0 0 12 3925
F4 0 0 12 3925
F5 0 0 12 3925
F6 0 0 12 3925
F7 0 0 12 3925
F8 0 0 12 3925
F9 0 0 12 3925
FA 0 0 12 3925
00 0 0 12 3925
01 0 0 12 3925
02 0 0 12 3925
03 0 0 12 3925
04 0 0 12 3925
05 0 0 12 3925
06 0 0 12 3925
07 0 0 12 3925
08 0 0 12 3925
09 0 0 12 3925
0A 0 0 12 3925
0B 0 0 12 3925
0C 0 0 12 3925
0D 0 0 12 3925
0E 0 0 12 3925
0F 0 0 12 3925
10 0 0 12 3925
11 0 0 12 3925
12 0 0 12 3925
13 0 0 12 3925
14 0 0 12 3925
15 0 0 12 3925
16 0 0 12 3925
17 0 0 12 3925
18 0 0 12 3925
19 0 0 12 3925
1A 0 0 12 3925
1B 0 0 12 3925
1C 0 0 12 3925
1D 0 0 12 3925
1E 0 0 12 3925
1F 0 0 12 3925
20 0 0 12 3925
21 0 0 12 3925
22 0 0 12 3925
23 0 0 12 3925
24 0 0 12 3925
25 0 0 12 3925
26 0 0 12 3925
27 0 0 12 3925
28 0 0 12 3925
29 0 0 12 3925
2A 0 0 12 3925
2B 0 0 12 3925
2C 0 0 12 3925
2D 0 0 12 3925
2E 0 0 12 3925
2F 0 0 12 3925
30 0 0 12 3925
31 0 0 12 3925
32 0 0 12 3925
33 0 0 12 3925
34 0 0 12 3925
35 0 0 12 3925
36 0 0 12 3925
37 0 0 12 3925
38 0 0 12 3925
39 0 0 12 3925
3A 0 0 12 3925
3B 0 0 12 3925
3C 0 0 12 3925
3D 0 0 12 3925
3E 0 0 12 3925
3F 0 0 12 3925
40 0 0 12 3925
41 0 0 12 3925
42 0 0 12 3925
43 0 0 12 3925
44 0 0 12 3925
45 0 0 12 3925
46 0 0 12 3925
47 0 0 12 3925
48 0 0 12 3925
49 0 0 12 3925
4A 0 0 12 3925
4B 0 0 12 3925
4C 0 0 12 3925
4D 0 0 12 3925
4E 0 0 12 3925
4F 0 0 12 3925
50 0 0 12 3925
51 0 0 12 3925
52 0 0 12 3925
53 0 0 12 3925
54 0 0 12 3925
55 0 0 12 3925
56 0 0 12 3925
57 0 0 12 3925
58 0 0 12 3925
59 0 0 12 3925
5A 0 0 12 3925
5B 0 0 12 3925
5C 0 0 12 3925
5D 0 0 12 3925
5E 0 0 12 3925
5F 0 0 12 3925
60 0 0 12 3925
61 0 0 12 3925
62 0 0 12 3925
63 0 0 12 3925
64 0 0 12 3925
65 0 0 12 3925
66 0 0 12 3925
67 0 0 12 3925
68 0 0 12 3925
69 0 0 12 3925
6A 0 0 12 3925
6B 0 0 12 3925
6C 0 0 12 3925
6D 0 0 12 3925
6E 0 0 12 3925
6F 0 0 12 3925
70 0 0 12 3925
71 0 0 12 3925
72 0 0 12 3925
73 0 0 12 3925
74 0 0 12 3925
75 0 0 12 3925
76 0 0 12 3925
77 0 0 12 3925
78 0 0 12 3925
79 0 0 12 3925
7A 0 0 12 3925
7B 0 0 12 3925
7C 0 0 12 3925
7D 0 0 12 3925
7E 0 0 12 3925
7F 0 0 12 3925
80 0 0 12 3925
81 0 0 12 3925
82 0 0 12 3925
83 0 0 12 3925
84 0 0 12 3925
85 0 0 12 3925
86 0 0 12 3925
87 0 0 12 3925
88 0 0 12 3925
89 0 0 12 3925
8A 0 0 12 3925
8B 0 0 12 3925
8C 0 0 12 3925
8D 0 0 12 3925
8E 0 0 12 3925
8F 0 0 12 3925
90 0 0 12 3925
91 0 0 12 3925
92 0 0 12 3925
93 0 0 12 3925
94 0 0 12 3925
95 0 0 12 3925
96 0 0 12 3925
97 0 0 12 3925
98 0 0 12 3925
99 0 0 12 3925
9A 0 0 12 3925
9B 0 0 12 3925
9C 0 0 12 3925
9D 0 0 12 3925
9E 0 0 12 3925
9F 0 0 12 3925
A0 0 0 12 3925
A1 0 0 12 3925
A2 0 0 12 3925
A3 0 0 12 3925
A4 0 0 12 3925
A5 0 0 12 3925
A6 0 0 12 3925
A7 0 0 12 3925
A8 0 0 12 3925
A9 0 0 12 3925
AA 0 0 12 3925
AB 0 0 12 3925
AC 0 0 12 3925
AD 0 0 12 3925
AE 0 0 12 3925
AF 0 0 12 3925
B0 0 0 12 3925
B1 0 0 12 3925
B2 0 0 12 3925
B3 0 0 12 3925
B4 0 0 12 3925
B5 0 0 12 3925
B6 0 0 12 3925
B7 0 0 12 3925
B8 0 0 12 3925
B9 0 0 12 3925
BA 0 0 12 3925
BB 0 0 12 3925
BC 0 0 12 3925
BD 0 0 12 3925
BE 0 0 12 3925
BF 0 0 12 3925
C0 0 0 12 3925
C1 0 0 12 3925
C2 0 0 12 3925
C3 0 0 12 3925
C4 0 0 12 3925
C5 0 0 12 3925
C6 0 0 12 3925
C7 0 0 12 3925
C8 0 0 12 3925
C9 0 0 12 3925
CA 0 0 12 3925
CB 0 0 12 3925
CC 0 0 12 3925
CD 0 0 12 3925
CE 0 0 12 3925
CF 0 0 12 3925
D0 0 0 12 3925
D1 0 0 12 3925
D2 0 0 12 3925
D3 0 0 12 3925
D4 0 0 12 3925
D5 0 0 12 3925
D6 0 0 12 3925
D7 0 0 12 3925
D8 0 0 12 3925
D9 0 0 12 3925
DA 0 0 12 3925
DB 0 0 12 3925
DC 0 0 12 3925
DD 0 0 12 3925
DE 0 0 12 3925
DF 0 0 12 3925
E0 0 0 12 3925
E1 0 0 12 3925
E2 0 0 12 3925
E3 0 0 12 3925
E4 0 0 12 3925
E5 0 0 12 3925
E6 0 0 12 3925
E7 0 0 12 3925
E8 0 0 12 3925
E9 0 0 12 3925
EA 0 0 12 3925
EB 0 0 12 3925
EC 0 0 12 3925
ED 0 0 12 3925
EE 0 0 12 3925
EF 0 0 12 3925
F0 0 0 12 3925
F1 0 0 12 3925
F2 0 0 12 3925
F3 0 0 12 3925
F4 0 0 12 3925
F5 0 0 12 3925
F6 0 0 12 3925
F7 0 0 12 3925
F8 0 0 12 3925
F9 0 0 12 3925
FA 0 0 12 3925
00 0 0 12 3925
01 0 0 12 3925
02 0 0 12 3925
03 0 0 12 3925
04 0 0 12 3925
05 0 0 12 3925
06 0 0 12 3925
07 0 0 12 3925
08 0 0 12 3925
09 0 0 12 3925
0A 0 0 12 3925
0B 0 0 12 3925
0C 0 0 12 3925
0D 0 0 12 3925
0E 0 0 12 3925
0F 0 0 12 3925
10 0 0 12 3925
11 0 0 12 3925
12 0 0 12 3925
13 0 0 12 3925
14 0 0 12 3925
15 0 0 12 3925
16 0 0 12 3925
17 0 0 12 3925
18 0 0 12 3925
19 0 0 12 3925
1A 0 0 12 3925
1B 0 0 12 3925
1C 0 0 12 3925
1D 0 0 12 3925
1E 0 0 12 3925
1F 0 0 12 3925
20 0 0 12 3925
21 0 0 12 3925
22 0 0 12 3925
23 0 0 12 3925
24 0 0 12 3925
25 0 0 12 3925
26 0 0 12 3925
27 0 0 12 3925
28 0 0 12 3925
29 0 0 12 3925
2A 0 0 12 3925
2B 0 0 12 3925
2C 0 0 12 3925
2D 0 0 12 3925
2E 0 0 12 3925
2F 0 0 12 3925
30 0 0 12 3925
31 0 0 12 3925
32 0 0 12 3925
33 0 0 12 3925
34 0 0 12 3925
35 0 0 12 3925
36 0 0 12 3925
37 0 0 12 3925
38 0 0 12 3925
39 0 0 12 3925
3A 0 0 12 3925
3B 0 0 12 3925
3C 0 0 12 3925
3D 0 0 12 3925
3E 0 0 12 3925
3F 0 0 12 3925
40 0 0 12 3925
41 0 0 12 3925
42 0 0 12 3925
43 0 0 12 3925
44 0 0 12 3925
45 0 0 12 3925
46 0 0 12 3925
47 0 0 12 3925
48 0 0 12 3925
49 0 0 12 3925
4A 0 0 12 3925
4B 0 0 12 3925
4C 0 0 12 3925
4D 0 0 12 3925
4E 0 0 12 3925
4F 0 0 12 3925
50 0 0 12 3925
51 0 0 12 3925
52 0 0 12 3925
53 0 0 12 3925
54 0 0 12 3925
55 0 0 12 3925
56 0 0 12 3925
57 0 0 12 3925
58 0 0 12 3925
59 0 0 12 3925
5A 0 0 12 3925
5B 0 0 12 3925
5C 0 0 12 3925
5D 0 0 12 3925
5E 0 0 12 3925
5F 0 0 12 3925
60 0 0 12 3925
61 0 0 12 3925
62 0 0 12 3925
63 0 0 12 3925
64 0 0 12 3925
65 0 0 12 3925
66 0 0 12 3925
67 0 0 12 3925
68 0 0 12 3925
69 0 0 12 3925
6A 0 0 12 3925
6B 0 0 12 3925
6C 0 0 12 3925
6D 0 0 12 3925
6E 0 0 12 3925
6F 0 0 12 3925
70 0 0 12 3925
71 0 0 12 3925
72 0 0 12 3925
73 0 0 12 3925
74 0 0 12 3925
75 0 0 12 3925
76 0 0 12 3925
77 0 0 12 3925
78 0 0 12 3925
79 0 0 12 3925
7A 0 0 12 3925
7B 0 0 12 3925
7C 0 0 12 3925
7D 0 0 12 3925
7E 0 0 12 3925
7F 0 0 12 3925
80 0 0 12 3925
81 0 0 12 3925
82 0 0 12 3925
83 0 0 12 3925
84 0 0 12 3925
85 0 0 12 3925
86 0 0 12 3925
87 0 0 12 3925
88 0 0 12 3925
89 0 0 12 3925
8A 0 0 12 3925
8B 0 0 12 3925
8C 0 0 12 3925
8D 0 0 12 3925
8E 0 0 12 3925
8F 0 0 12 3925
90 0 0 12 3925
91 0 0 12 3925
92 0 0 12 3925
93 0 0 12 3925
94 0 0 12 3925
95 0 0 12 3925
96 0 0 12 3925
97 0 0 12 3925
98 0 0 12 3925
99 0 0 12 3925
9A 0 0 12 3925
9B 0 0 12 3925
9C 0 0 12 3925
9D 0 0 12 3925
9E 0 0 12 3925
9F 0 0 12 3925
A0 0 0 12 3925
A1 0 0 12 3925
A2 0 0 12 3925
A3 0 0 12 3925
A4 0 0 12 3925
A5 0 0 12 3925
A6 0 0 12 3925
A7 0 0 12 3925
A8 0 0 12 3925
A9 0 0 12 3925
AA 0 0 12 3925
AB 0 0 12 3925
AC 0 0 12 3925
AD 0 0 12 3925
AE 0 0 12 3925
AF 0 0 12 3925
B0 0 0 12 3925
B1 0 0 12 3925
B2 0 0 12 3925
B3 0 0 12 3925
B4 0 0 12 3925
B5 0 0 12 3925
B6 0 0 12 3925
B7 0 0 12 3925
B8 0 0 12 3925
B9 0 0 12 3925
BA 0 0 12 3925
BB 0 0 12 3925
BC 0 0 12 3925
BD 0 0 12 3925
BE 0 0 12 3925
BF 0 0 12 3925
C0 0 0 12 3925
C1 0 0 12 3925
C2 0 0 12 3925
C3 0 0 12 3925
C4 0 0 12 3925
C5 0 0 12 3925
C6 0 0 12 3925
C7 0 0 12 3925
C8 0 0 12 3925
C9 0 0 12 3925
CA 0 0 12 3925
CB 0 0 12 3925
CC 0 0 12 3925
CD 0 0 12 3925
CE 0 0 12 3925
CF 0 0 12 3925
D0 0 0 12 3925
D1 0 0 12 3925
D2 0 0 12 3925
D3 0 0 12 3925
D4 0 0 12 3925
D5 0 0 12 3925
D6 0 0 12 3925
D7 0 0 12 3925
D8 0 0 12 3925
D9 0 0 12 3925
DA 0 0 12 3925
DB 0 0 12 3925
DC 0 0 12 3925
DD 0 0 12 3925
DE 0 0 12 3925
DF 0 0 12 3925
E0 0 0 12 3925
E1 0 0 12 3925
E2 0 0 12 3925
E3 0 0 12 3925
E4 0 0 12 3925
E5 0 0 12 3925
E6 0 0 12 3925
E7 0 0 12 3925
E8 0 0 12 3925
E9 0 0 12 3925
EA 0 0 12 3925
EB 0 0 12 3925
EC 0 0 12 3925
ED 0 0 12 3925
EE 0 0 12 3925
EF 0 0 12 3925
F0 0 0 12 3925
F1 0 0 12 3925
F2 0 0 12 3925
F3 0 0 12 3925
F4 0 0 12 3925
F5 0 0 12 3925
F6 0 0 12 3925
F7 0 0 12 3925
F8 0 0 12 3925
F9 0 0 12 3925
FA 0 0 12 3925
00 0 0 12 3925
01 0 0 12 3925
02 0 0 12 3925
03 0 0 12 3925
04 0 0 12 3925
05 0 0 12 3925
06 0 0 12 3925
07 0 0 12 3925
08 0 0 12 3925
09 0 0 12 3925
0A 0 0 12 3925
0B 0 0 12 3925
0C 0 0 12 3925
0D 0 0 12 3925
0E 0 0 12 3925
0F 0 0 12 3925
10 0 0 12 3925
11 0 0 12 3925
12 0 0 12 3925
13 0 0 12 3925
14 0 0 12 3925
15 0 0 12 3925
16 0 0 12 3925
17 0 0 12 3925
18 0 0 12 3925
19 0 0 12 3925
1A 0 0 12 3925
1B 0 0 12 3925
1C 0 0 12 3925
1D 0 0 12 3925
1E 0 0 12 3925
1F 0 0 12 3925
20 0 0 12 3925
21 0 0 12 3925
22 0 0 12 3925
23 0 0 12 3925
24 0 0 12 3925
25 0 0 12 3925
26 0 0 12 3925
27 0 0 12 3925
28 0 0 12 3925
29 0 0 12 3925
2A 0 0 12 3925
2B 0 0 12 3925
2C 0 0 12 3925
2D 0 0 12 3925
2E 0 0 12 3925
2F 0 0 12 3925
30 0 0 12 3925
31 0 0 12 3925
32 0 0 12 3925
33 0 0 12 3925
34 0 0 12 3925
35 0 0 12 3925
36 0 0 12 3925
37 0 0 12 3925
38 0 0 12 3925
39 0 0 12 3925
3A 0 0 12 3925
3B 0 0 12 3925
3C 0 0 12 3925
3D 0 0 12 3925
3E 0 0 12 3925
3F 0 0 12 3925
40 0 0 12 3925
41 0 0 12 3925
42 0 0 12 3925
43 0 0 12 3925
44 0 0 12 3925
45 0 0 12 3925
46 0 0 12 3925
47 0 0 12 3925
48 0 0 12 3925
49 0 0 12 3925
4A 0 0 12 3925
4B 0 0 12 3925
4C 0 0 12 3925
4D 0 0 12 3925
4E 0 0 12 3925
4F 0 0 12 3925
50 0 0 12 3925
51 0 0 12 3925
52 0 0 12 3925
53 0 0 12 3925
54 0 0 12 3925
55 0 0 12 3925
56 0 0 12 3925
57 0 0 12 3925
58 0 0 12 3925
59 0 0 12 3925
5A 0 0 12 3925
5B 0 0 12 3925
5C 0 0 12 3925
5D 0 0 12 3925
5E 0 0 12 3925
5F 0 0 12 3925
60 0 0 12 3925
61 0 0 12 3925
62 0 0 12 3925
63 0 0 12 3925
64 0 0 12 3925
65 0 0 12 3925
66 0 0 12 3925
67 0 0 12 3925
68 0 0 12 3925
69 0 0 12 3925
6A 0 0 12 3925
6B 0 0 12 3925
6C 0 0 12 3925
6D 0 0 12 3925
6E 0 0 12 3925
6F 0 0 12 3925
70 0 0 12 3925
71 0 0 12 3925
72 0 0 12 3925
73 0 0 12 3925
74 0 0 12 3925
75 0 0 12 3925
76 0 0 12 3925
77 0 0 12 3925
78 0 0 12 3925
79 0 0 12 3925
7A 0 0 12 3925
7B 0 0 12 3925
7C 0 0 12 3925
7D 0 0 12 3925
7E 0 0 12 3925
7F 0 0 12 3925
80 0 0 12 3925
81 0 0 12 3925
82 0 0 12 3925
83 0 0 12 3925
84 0 0 12 3925
85 0 0 12 3925
86 0 0 12 3925
87 0 0 12 3925
88 0 0 12 3925
89 0 0 12 3925
8A 0 0 12 3925
8B 0 0 12 3925
8C 0 0 12 3925
8D 0 0 12 3925
8E 0 0 12 3925
8F 0 0 12 3925
90 0 0 12 3925
91 0 0 12 3925
92 0 0 12 3925
93 0 0 12 3925
94 0 0 12 3925
95 0 0 12 3925
96 0 0 12 3925
97 0 0 12 3925
98 0 0 12 3925
99 0 0 12 3925
9A 0 0 12 3925
9B 0 0 12 3925
9C 0 0 12 3925
9D 0 0 12 3925
9E 0 0 12 3925
9F 0 0 12 3925
A0 0 0 12 3925
A1 0 0 12 3925
A2 0 0 12 3925
A3 0 0 12 3925
A4 0 0 12 3925
A5 0 0 12 3925
A6 0 0 12 3925
A7 0 0 12 3925
A8 0 0 12 3925
A9 0 0 12 3925
AA 0 0 12 3925
AB 0 0 12 3925
AC 0 0 12 3925
AD 0 0 12 3925
AE 0 0 12 3925
AF 0 0 12 3925
B0 0 0 12 3925
B1 0 0 12 3925
B2 0 0 12 3925
B3 0 0 12 3925
B4 0 0 12 3925
B5 0 0 12 3925
B6 0 0 12 3925
B7 0 0 12 3925
B8 0 0 12 3925
B9 0 0 12 3925
BA 0 0 12 3925
BB 0 0 12 3925
BC 0 0 12 3925
BD 0 0 12 3925
BE 0 0 12 3925
BF 0 0 12 3925
C0 0 0 12 3925
C1 0 0 12 3925
C2 0 0 12 3925
C3 0 0 12 3925
C4 0 0 12 3925
C5 0 0 12 3925
C6 0 0 12 3925
C7 0 0 12 3925
C8 0 0 12 3925
C9 0 0 12 3925
CA 0 0 12 3925
CB 0 0 12 3925
CC 0 0 12 3925
CD 0 0 12 3925
CE 0 0 12 3925
CF 0 0 12 3925
D0 0 0 12 3925
D1 0 0 12 3925
D2 0 0 12 3925
D3 0 0 12 3925
D4 0 0 12 3925
D5 0 0 12 3925
D6 0 0 12 3925
D7 0 0 12 3925
D8 0 0 12 3925
D9 0 0 12 3925
DA 0 0 12 3925
DB 0 0 12 3925
DC 0 0 12 3925
DD 0 0 12 3925
DE 0 0 12 3925
DF 0 0 12 3925
E0 0 0 12 3925
E1 0 0 12 3925
E2 0 0 12 3925
E3 0 0 12 3925
E4 0 0 12 3925
E5 0 0 12 3925
E6 0 0 12 3925
E7 0 0 12 3925
E8 0 0 12 3925
E9 0 0 12 3925
EA 0 0 12 3925
EB 0 0 12 3925
EC 0 0 12 3925
ED 0 0 12 3925
EE 0 0 12 3925
EF 0 0 12 3925
F0 0 0 12 3925
F1 0 0 12 3925
F2 0 0 12 3925
F3 0 0 12 3925
F4 0 0 12 3925
F5 0 0 12 3925
F6 0 0 12 3925
F7 0 0 12 3925
F8 0 0 12 3925
F9 0 0 12 3925
DA 0 0 12 3925
00 0 0 12 3925
01 0 0 12 3925
02 0 0 12 3925
03 0 0 12 3925
04 0 0 12 3925
05 0 0 12 3925
06 0 0 12 3925
07 0 0 12 3925
08 0 0 12 3925
09 0 0 12 3925
0A 0 0 12 3925
0B 0 0 12 3925
0C 0 0 12 3925
0D 0 0 12 3925
0E 0 0 12 3925
0F 0 0 12 3925
10 0 0 12 3925
11 0 0 12 3925
12 0 0 12 3925
13 0 0 12 3925
14 0 0 12 3925
15 0 0 12 3925
16 0 0 12 3925
17 0 0 12 3925
18 0 0 12 3925
19 0 0 12 3925
1A 0 0 12 3925
1B 0 0 12 3925
1C 0 0 12 3925
1D 0 0 12 3925
1E 0 0 12 3925
1F 0 0 12 3925
20 0 0 12 3925
21 0 0 12 3925
22 0 0 12 3925
23 0 0 12 3925
24 0 0 12 3925
25 0 0 12 3925
26 0 0 12 3925
27 0 0 12 3925
28 0 0 12 3925
29 0 0 12 3925
2A 0 0 12 3925
2B 0 0 12 3925
2C 0 0 12 3925
2D 0 0 12 3925
2E 0 0 12 3925
2F 0 0 12 3925
30 0 0 12 3925
31 0 0 12 3925
32 0 0 12 3925
33 0 0 12 3925
34 0 0 12 3925
35 0 0 12 3925
36 0 0 12 3925
37 0 0 12 3925
38 0 0 12 3925
39 0 0 12 3925
3A 0 0 12 3925
3B 0 0 12 3925
3C 0 0 12 3925
3D 0 0 12 3925
3E 0 0 12 3925
3F 0 0 12 3925
40 0 0 12 3925
41 0 0 12 3925
42 0 0 12 3925
43 0 0 12 3925
44 0 0 12 3925
45 0 0 12 3925
46 0 0 12 3925
47 0 0 12 3925
48 0 0 12 3925
49 0 0 12 3925
4A 0 0 12 3925
4B 0 0 12 3925
4C 0 0 12 3925
4D 0 0 12 3925
4E 0 0 12 3925
4F 0 0 12 3925
50 0 0 12 3925
51 0 0 12 3925
52 0 0 12 3925
53 0 0 12 3925
54 0 0 12 3925
55 0 0 12 3925
56 0 0 12 3925
57 0 0 12 3925
58 0 0 12 3925
59 0 0 12 3925
5A 0 0 12 3925
5B 0 0 12 3925
5C 0 0 12 3925
5D 0 0 12 3925
5E 0 0 12 3925
5F 0 0 12 3925
60 0 0 12 3925
61 0 0 12 3925
62 0 0 12 3925
63 0 0 12 3925
64 0 0 12 3925
65 0 0 12 3925
66 0 0 12 3925
67 0 0 12 3925
68 0 0 12 3925
69 0 0 12 3925
6A 0 0 12 3925
6B 0 0 12 3925
6C 0 0 12 3925
6D 0 0 12 3925
6E 0 0 12 3925
6F 0 0 12 3925
70 0 0 12 3925
71 0 0 12 3925
72 0 0 12 3925
73 0 0 12 3925
74 0 0 12 3925
75 0 0 12 3925
76 0 0 12 3925
77 0 0 12 3925
78 0 0 12 3925
79 0 0 12 3925
7A 0 0 12 3925
7B 0 0 12 3925
7C 0 0 12 3925
7D 0 0 12 3925
7E 0 0 12 3925
7F 0 0 12 3925
80 0 0 12 3925
81 0 0 12 3925
82 0 0 12 3925
83 0 0 12 3925
84 0 0 12 3925
85 0 0 12 3925
86 0 0 12 3925
87 0 0 12 3925
88 0 0 12 3925
89 0 0 12 3925
8A 0 0 12 3925
8B 0 0 12 3925
8C 0 0 12 3925
8D 0 0 12 3925
8E 0 0 12 3925
8F 0 0 12 3925
90 0 0 12 3925
91 0 0 12 3925
92 0 0 12 3925
93 0 0 12 3925
94 0 0 12 3925
95 0 0 12 3925
96 0 0 12 3925
97 0 0 12 3925
98 0 0 12 3925
99 0 0 12 3925
9A 0 0 12 3925
9B 0 0 12 3925
9C 0 0 12 3925
9D 0 0 12 3925
9E 0 0 12 3925
9F 0 0 12 3925
A0 0 0 12 3925
A1 0 0 12 3925
A2 0 0 12 3925
A3 0 0 12 3925
A4 0 0 12 3925
A5 0 0 12 3925
A6 0 0 12 3925
A7 0 0 12 3925
A8 0 0 12 3925
A9 0 0 12 3925
AA 0 0 12 3925
AB 0 0 12 3925
AC 0 0 12 3925
AD 0 0 12 3925
AE 0 0 12 3925
AF 0 0 12 3925
B0 0 0 12 3925
B1 0 0 12 3925
B2 0 0 12 3925
B3 0 0 12 3925
B4 0 0 12 3925
B5 0 0 12 3925
B6 0 0 12 3925
B7 0 0 12 3925
B8 0 0 12 3925
B9 0 0 12 3925
BA 0 0 12 3925
BB 0 0 12 3925
BC 0 0 12 3925
BD 0 0 12 3925
BE 0 0 12 3925
BF 0 0 12 3925
C0 0 0 12 3925
C1 0 0 12 3925
C2 0 0 12 3925
C3 0 0 12 3925
C4 0 0 12 3925
C5 0 0 12 3925
C6 0 0 12 3925
C7 0 0 12 3925
C8 0 0 12 3925
C9 0 0 12 3925
CA 0 0 12 3925
CB 0 0 12 3925
CC 0 0 12 3925
CD 0 0 12 3925
CE 0 0 12 3925
CF 0 0 12 3925
D0 0 0 12 3925
D1 0 0 12 3925
D2 0 0 12 3925
D3 0 0 12 3925
D4 0 0 12 3925
D5 0 0 12 3925
D6 0 0 12 3925
D7 0 0 12 3925
D8 0 0 12 3925
D9 0 0 12 3925
DA 0 0 12 3925
DB 0 0 12 3925
DC 0 0 12 3925
DD 0 0 12 3925
DE 0 0 12 3925
DF 0 0 12 3925
E0 0 0 12 3925
E1 0 0 12 3925
E2 0 0 12 3925
E3 0 0 12 3925
E4 0 0 12 3925
E5 0 0 12 3925
E6 0 0 12 3925
E7 0 0 12 3925
E8 0 0 12 3925
E9 0 0 12 3925
EA 0 0 12 3925
EB 0 0 12 3925
EC 0 0 12 3925
ED 0 0 12 3925
EE 0 0 12 3925
EF 0 0 12 3925
F0 0 0 12 3925
F1 0 0 12 3925
F2 0 0 12 3925
F3 0 0 12 3925
F4 0 0 12 3925
F5 0 0 12 3925
F6 0 0 12 3925
F7 0 0 12 3925
F8 0 0 12 3925
F9 0 0 12 3925
FA 0 0 12 3925
00 0 0 12 3925
01 0 0 12 3925
02 0 0 12 3925
03 0 0 12 3925
04 0 0 12 3925
05 0 0 12 3925
06 0 0 12 3925
07 0 0 12 3925
08 0 0 12 3925
09 0 0 12 3925
0A 0 0 12 3925
0B 0 0 12 3925
0C 0 0 12 3925
0D 0 0 12 3925
0E 0 0 12 3925
0F 0 0 12 3925
10 0 0 12 3925
11 0 0 12 3925
12 0 0 12 3925
13 0 0 12 3925
14 0 0 12 3925
15 0 0 12 3925
16 0 0 12 3925
17 0 0 12 3925
18 0 0 12 3925
19 0 0 12 3925
1A 0 0 12 3925
1B 0 0 12 3925
1C 0 0 12 3925
1D 0 0 12 3925
1E 0 0 12 3925
1F 0 0 12 3925
20 0 0 12 3925
21 0 0 12 3925
22 0 0 12 3925
23 0 0 12 3925
24 0 0 12 3925
25 0 0 12 3925
26 0 0 12 3925
27 0 0 12 3925
28 0 0 12 3925
29 0 0 12 3925
2A 0 0 12 3925
2B 0 0 12 3925
2C 0 0 12 3925
2D 0 0 12 3925
2E 0 0 12 3925
2F 0 0 12 3925
30 0 0 12 3925
31 0 0 12 3925
32 0 0 12 3925
33 0 0 12 3925
34 0 0 12 3925
35 0 0 12 3925
36 0 0 12 3925
37 0 0 12 3925
38 0 0 12 3925
39 0 0 12 3925
3A 0 0 12 3925
3B 0 0 12 3925
3C 0 0 12 3925
3D 0 0 12 3925
3E 0 0 12 3925
3F 0 0 12 3925
40 0 0 12 3925
41 0 0 12 3925
42 0 0 12 3925
43 0 0 12 3925
44 0 0 12 3925
45 0 0 12 3925
46 0 0 12 3925
47 0 0 12 3925
48 0 0 12 3925
49 0 0 12 3925
4A 0 0 12 3925
4B 0 0 12 3925
4C 0 0 12 3925
4D 0 0 12 3925
4E 0 0 12 3925
4F 0 0 12 3925
50 0 0 12 3925
51 0 0 12 3925
52 0 0 12 3925
53 0 0 12 3925
54 0 0 12 3925
55 0 0 12 3925
56 0 0 12 3925
57 0 0 12 3925
58 0 0 12 3925
59 0 0 12 3925
5A 0 0 12 3925
5B 0 0 12 3925
5C 0 0 12 3925
5D 0 0 12 3925
5E 0 0 12 3925
5F 0 0 12 3925
60 0 0 12 3925
61 0 0 12 3925
62 0 0 12 3925
63 0 0 12 3925
64 0 0 12 3925
65 0 0 12 3925
66 0 0 12 3925
67 0 0 12 3925
68 0 0 12 3925
69 0 0 12 3925
6A 0 0 12 3925
6B 0 0 12 3925
6C 0 0 12 3925
6D 0 0 12 3925
6E 0 0 12 3925
6F 0 0 12 3925
70 0 0 12 3925
71 0 0 12 3925
72 0 0 12 3925
73 0 0 12 3925
74 0 0 12 3925
75 0 0 12 3925
76 0 0 12 3925
77 0 0 12 3925
78 0 0 12 3925
79 0 0 12 3925
7A 0 0 12 3925
7B 0 0 12 3925
7C 0 0 12 3925
7D 0 0 12 3925
7E 0 0 12 3925
7F 0 0 12 3925
80 0 0 12 3925
81 0 0 12 3925
82 0 0 12 3925
83 0 0 12 3925
84 0 0 12 3925
85 0 0 12 3925
86 0 0 12 3925
87 0 0 12 3925
88 0 0 12 3925
89 0 0 12 3925
8A 0 0 12 3925
8B 0 0 12 3925
8C 0 0 12 3925
8D 0 0 12 3925
8E 0 0 12 3925
8F 0 0 12 3925
90 0 0 12 3925
91 0 0 12 3925
92 0 0 12 3925
93 0 0 12 3925
94 0 0 12 3925
95 0 0 12 3925
96 0 0 12 3925
97 0 0 12 3925
98 0 0 12 3925
99 0 0 12 3925
9A 0 0 12 3925
9B 0 0 12 3925
9C 0 0 12 3925
9D 0 0 12 3925
9E 0 0 12 3925
9F 0 0 12 3925
A0 0 0 12 3925
A1 0 0 12 3925
A2 0 0 12 3925
A3 0 0 12 3925
A4 0 0 12 3925
A5 0 0 12 3925
A6 0 0 12 3925
A7 0 0 12 3925
A8 0 0 12 3925
A9 0 0 12 3925
AA 0 0 12 3925
AB 0 0 12 3925
AC 0 0 12 3925
AD 0 0 12 3925
AE 0 0 12 3925
AF 0 0 12 3925
B0 0 0 12 3925
B1 0 0 12 3925
B2 0 0 12 3925
B3 0 0 12 3925
B4 0 0 12 3925
B5 0 0 12 3925
B6 0 0 12 3925
B7 0 0 12 3925
B8 0 0 12 3925
B9 0 0 12 3925
BA 0 0 12 3925
BB 0 0 12 3925
BC 0 0 12 3925
BD 0 0 12 3925
BE 0 0 12 3925
BF 0 0 12 3925
C0 0 0 12 3925
C1 0 0 12 3925
C2 0 0 12 3925
C3 0 0 12 3925
C4 0 0 12 3925
C5 0 0 12 3925
C6 0 0 12 3925
C7 0 0 12 3925
C8 0 0 12 3925
C9 0 0 12 3925
CA 0 0 12 3925
CB 0 0 12 3925
CC 0 0 12 3925
CD 0 0 12 3925
CE 0 0 12 3925
CF 0 0 12 3925
D0 0 0 12 3925
D1 0 0 12 3925
D2 0 0 12 3925
D3 0 0 12 3925
D4 0 0 12 3925
D5 0 0 12 3925
D6 0 0 12 3925
D7 0 0 12 3925
D8 0 0 12 3925
D9 0 0 12 3925
DA 0 0 12 3925
DB 0 0 12 3925
DC 0 0 12 3925
DD 0 0 12 3925
DE 0 0 12 3925
DF 0 0 12 3925
E0 0 0 12 3925
E1 0 0 12 3925
E2 0 0 12 3925
E3 0 0 12 3925
E4 0 0 12 3925
E5 0 0 12 3925
E6 0 0 12 3925
E7 0 0 12 3925
E8 0 0 12 3925
E9 0 0 12 3925
EA 0 0 12 3925
EB 0 0 12 3925
EC 0 0 12 3925
ED 0 0 12 3925
EE 0 0 12 3925
EF 0 0 12 3925
F0 0 0 12 3925
F1 0 0 12 3925
F2 0 0 12 3925
F3 0 0 12 3925
F4 0 0 12 3925
F5 0 0 12 3925
F6 0 0 12 3925
F7 0 0 12 3925
F8 0 0 12 3925
F9 0 0 12 3925
FA 0 0 12 3925
00 0 0 12 3925
01 0 0 12 3925
02 0 0 12 3925
03 0 0 12 3925
04 0 0 12 3925
05 1 0 12 3925
00 0 0 13 5463
0A 0 0 13 5463
35 0 0 13 5463
01 0 0 13 5463
02 0 0 13 5463
03 0 0 13 5463
DE 0 0 13 5463
AD 0 0 13 5463
BE 0 0 13 5463
EF 0 0 13 5463
00 0 0 13 5463
01 0 0 13 5463
08 0 0 13 5463
00 0 0 13 5463
0D 0 0 13 5463
00 0 0 13 5463
00 0 0 13 5463
00 0 0 13 5463
00 0 0 13 5463
00 0 0 13 5463
00 0 0 13 5463
00 0 0 13 5463
00 0 0 13 5463
00 0 0 13 5463
00 0 0 13 5463
00 0 0 13 5463
00 0 0 13 5463
00 0 0 13 5463
00 0 0 13 5463
00 0 0 13 5463
00 0 0 13 5463
00 0 0 13 5463
00 0 0 13 5463
00 0 0 13 5463
00 0 0 13 5463
00 0 0 13 5463
00 0 0 13 5463
00 0 0 13 5463
00 0 0 13 5463
00 0 0 13 5463
00 0 0 13 5463
00 0 0 13 5463
00 0 0 13 5463
00 0 0 13 5463
00 0 0 13 5463
00 0 0 13 5463
00 0 0 13 5463
00 0 0 13 5463
00 0 0 13 5463
00 0 0 13 5463
00 0 0 13 5463
00 0 0 13 5463
00 0 0 13 5463
00 0 0 13 5463
00 0 0 13 5463
00 0 0 13 5463
00 0 0 13 5463
00 0 0 13 5463
00 0 0 13 5463
00 1 1 13 5463
00 0 0 14 5547
0A 0 0 14 5547
35 0 0 14 5547
01 0 0 14 5547
02 0 0 14 5547
03 0 0 14 5547
DE 0 0 14 5547
AD 0 0 14 5547
BE 0 0 14 5547
EF 0 0 14 5547
00 0 0 14 5547
01 0 0 14 5547
08 0 0 14 5547
00 0 0 14 5547
0E 0 0 14 5547
0F 0 0 14 5547
10 0 0 14 5547
13 0 0 14 5547
12 0 0 14 5547
13 0 0 14 5547
14 0 0 14 5547
15 0 0 14 5547
16 0 0 14 5547
17 0 0 14 5547
18 0 0 14 5547
19 0 0 14 5547
1A 0 0 14 5547
1B 0 0 14 5547
1C 0 0 14 5547
1D 0 0 14 5547
1E 0 0 14 5547
1F 0 0 14 5547
20 0 0 14 5547
21 0 0 14 5547
22 0 0 14 5547
23 0 0 14 5547
24 0 0 14 5547
25 0 0 14 5547
26 0 0 14 5547
27 0 0 14 5547
28 0 0 14 5547
29 0 0 14 5547
2A 0 0 14 5547
2B 0 0 14 5547
2C 0 0 14 5547
2D 0 0 14 5547
2E 0 0 14 5547
2F 0 0 14 5547
30 0 0 14 5547
31 0 0 14 5547
32 0 0 14 5547
33 0 0 14 5547
34 0 0 14 5547
35 0 0 14 5547
36 0 0 14 5547
37 0 0 14 5547
38 0 0 14 5547
39 0 0 14 5547
3A 0 0 14 5547
00 1 0 14 5547
00 0 0 15 5631
0A 0 0 15 5631
35 0 0 15 5631
01 0 0 15 5631
02 0 0 15 5631
03 0 0 15 5631
DE 0 0 15 5631
AD 0 0 15 5631
BE 0 0 15 5631
EF 0 0 15 5631
00 0 0 15 5631
01 0 0 15 5631
08 0 0 15 5631
00 0 0 15 5631
0F 0 0 15 5631
10 0 0 15 5631
11 0 0 15 5631
12 0 0 15 5631
13 0 0 15 5631
14 0 0 15 5631
15 0 0 15 5631
16 0 0 15 5631
17 0 0 15 5631
18 0 0 15 5631
19 0 0 15 5631
1A 0 0 15 5631
1B 0 0 15 5631
1C 0 0 15 5631
1D 0 0 15 5631
1E 0 0 15 5631
1F 0 0 15 5631
20 0 0 15 5631
21 0 0 15 5631
22 0 0 15 5631
23 0 0 15 5631
24 0 0 15 5631
25 0 0 15 5631
26 0 0 15 5631
27 0 0 15 5631
28 0 0 15 5631
29 0 0 15 5631
2A 0 0 15 5631
2B 0 0 15 5631
2C 0 0 15 5631
2D 0 0 15 5631
2E 0 0 15 5631
2F 0 0 15 5631
30 0 0 15 5631
31 0 0 15 5631
32 0 0 15 5631
33 0 0 15 5631
34 0 0 15 5631
35 0 0 15 5631
36 0 0 15 5631
37 0 0 15 5631
38 0 0 15 5631
39 0 0 15 5631
3A 0 0 15 5631
3B 0 0 15 5631
3C 1 1 15 5631
00 0 0 16 5715
0A 0 0 16 5715
35 0 0 16 5715
01 0 0 16 5715
02 0 0 16 5715
03 0 0 16 5715
DE 0 0 16 5715
AD 0 0 16 5715
BE 0 0 16 5715
EF 0 0 16 5715
00 0 0 16 5715
01 0 0 16 5715
08 0 0 16 5715
00 0 0 16 5715
10 0 0 16 5715
11 0 0 16 5715
12 0 0 16 5715
13 0 0 16 5715
14 0 0 16 5715
15 0 0 16 5715
16 0 0 16 5715
17 0 0 16 5715
18 0 0 16 5715
19 0 0 16 5715
1A 0 0 16 5715
1B 0 0 16 5715
1C 0 0 16 5715
1D 0 0 16 5715
1E 0 0 16 5715
1F 0 0 16 5715
20 0 0 16 5715
21 0 0 16 5715
22 0 0 16 5715
23 0 0 16 5715
24 0 0 16 5715
25 0 0 16 5715
26 0 0 16 5715
27 0 0 16 5715
28 0 0 16 5715
29 0 0 16 5715
2A 0 0 16 5715
2B 0 0 16 5715
2C 0 0 16 5715
2D 0 0 16 5715
2E 0 0 16 5715
2F 0 0 16 5715
B0 0 0 16 5715
31 0 0 16 5715
32 0 0 16 5715
33 0 0 16 5715
34 0 0 16 5715
35 0 0 16 5715
36 0 0 16 5715
37 0 0 16 5715
38 0 0 16 5715
39 0 0 16 5715
3A 0 0 16 5715
3B 0 0 16 5715
3C 0 0 16 5715
3D 0 0 16 5715
3E 1 0 16 5715
